0, 50
0, 53
0, 55
0, 47
0, 52
0, 50
0, 47
0, 51
0, 52
0, 47
0, 52
0, 51
0, 47
0, 40
0, 64
0, 53
0, 47
0, 54
0, 52
0, 31
1, 67
1, 53
1, 47
1, 57
1, 53
1, 32
1, 67
1, 52
1, 47
1, 55
1, 54
1, 55
1, 47
1, 59
1, 54
1, 47
1, 56
1, 52
1, 47
2, 55
2, 52
2, 46
2, 53
2, 52
2, 47
2, 52
2, 53
2, 53
2, 47
2, 54
2, 54
2, 31
2, 72
2, 52
2, 31
2, 67
2, 53
2, 47
3, 53
3, 53
3, 46
3, 56
3, 55
3, 46
3, 48
3, 55
3, 54
3, 47
3, 56
3, 55
3, 47
3, 54
3, 54
3, 47
3, 56
3, 54
3, 46
4, 56
4, 54
4, 47
4, 55
4, 53
4, 52
4, 64
4, 53
4, 52
4, 91
4, 61
4, 56
4, 46
4, 56
4, 55
4, 46
4, 56
4, 54
5, 47
5, 53
5, 53
5, 54
5, 31
5, 70
5, 55
5, 49
5, 52
5, 52
5, 42
5, 60
5, 55
5, 47
5, 58
5, 55
5, 31
5, 68
5, 53
5, 47
6, 39
6, 64
6, 58
6, 47
6, 56
6, 54
6, 52
6, 55
6, 53
6, 48
6, 55
6, 54
6, 47
6, 67
6, 54
6, 47
6, 55
6, 56
7, 52
7, 47
7, 57
7, 55
7, 31
7, 70
7, 54
7, 49
7, 54
7, 55
7, 46
7, 53
7, 53
7, 47
7, 57
7, 56
7, 54
7, 47
7, 59
8, 55
8, 31
8, 69
8, 52
8, 32
8, 68
8, 53
8, 48
8, 54
8, 54
8, 38
8, 62
8, 55
8, 47
8, 38
8, 65
8, 53
8, 47
8, 53
8, 54
9, 47
9, 55
9, 54
9, 31
9, 68
9, 53
9, 49
9, 54
9, 53
9, 46
9, 54
9, 53
9, 59
9, 93
9, 66
9, 52
9, 33
9, 65
10, 54
10, 47
10, 55
10, 53
10, 47
10, 57
10, 54
10, 48
10, 53
10, 54
10, 55
10, 50
10, 54
10, 54
10, 47
10, 68
10, 52
10, 31
10, 72
11, 52
11, 47
11, 53
11, 53
11, 47
11, 54
11, 51
11, 48
11, 48
11, 54
11, 52
11, 31
11, 67
11, 54
11, 46
11, 57
11, 52
11, 47
11, 56
11, 52
12, 47
12, 53
12, 54
12, 148
12, 149
12, 151
12, 139
12, 172
13, 147
13, 169
13, 77
13, 56
13, 56
13, 46
13, 56
13, 55
13, 47
13, 58
13, 54
13, 47
13, 57
13, 55
13, 52
13, 46
14, 55
14, 56
14, 47
14, 54
14, 55
14, 49
14, 55
14, 54
14, 47
14, 55
14, 56
14, 40
14, 62
14, 55
14, 47
14, 43
14, 76
14, 57
14, 46
15, 55
15, 56
15, 47
15, 55
15, 55
15, 47
15, 74
15, 55
15, 62
15, 67
15, 55
15, 31
15, 71
15, 56
15, 54
15, 47
15, 55
15, 53
16, 31
16, 69
16, 54
16, 47
16, 58
16, 55
16, 47
16, 55
16, 53
16, 46
16, 54
16, 54
16, 56
16, 47
16, 70
16, 55
16, 47
16, 55
16, 55
17, 47
17, 59
17, 55
17, 47
17, 55
17, 54
17, 50
17, 56
17, 55
17, 47
17, 39
17, 65
17, 53
17, 31
17, 71
17, 55
17, 47
17, 57
17, 55
18, 47
18, 55
18, 56
18, 47
18, 54
18, 57
18, 50
18, 55
18, 54
18, 57
18, 47
18, 59
18, 53
18, 47
18, 57
18, 61
18, 47
18, 55
19, 57
19, 47
19, 55
19, 54
19, 47
19, 55
19, 56
19, 54
19, 46
19, 54
19, 54
19, 47
19, 55
19, 54
19, 47
19, 55
19, 54
19, 48
19, 53
19, 58
20, 47
20, 59
20, 53
20, 47
20, 39
20, 66
20, 54
20, 51
20, 54
20, 52
20, 48
20, 71
20, 51
20, 47
20, 65
20, 52
20, 32
20, 67
21, 72
21, 45
21, 54
21, 65
21, 53
21, 48
21, 51
21, 50
21, 49
21, 51
21, 52
21, 51
21, 73
21, 56
21, 32
21, 68
21, 63
21, 54
21, 58
22, 60
22, 54
22, 47
22, 55
22, 57
22, 38
22, 62
22, 55
22, 47
22, 57
22, 55
22, 94
22, 60
22, 55
22, 32
22, 88
22, 55
23, 47
23, 39
23, 65
23, 56
23, 44
23, 57
23, 55
23, 49
23, 55
23, 55
23, 47
23, 65
23, 58
23, 47
23, 57
23, 78
23, 47
23, 56
23, 57
24, 54
24, 31
24, 71
24, 55
24, 31
24, 70
24, 54
24, 49
24, 54
24, 75
24, 54
24, 64
24, 56
24, 47
24, 69
24, 54
24, 64
24, 47
25, 66
25, 54
25, 32
25, 81
25, 57
25, 47
25, 56
25, 56
25, 47
25, 56
25, 56
25, 47
25, 58
25, 55
25, 47
25, 41
25, 65
25, 55
26, 47
26, 71
26, 55
26, 47
26, 56
26, 55
26, 50
26, 54
26, 53
26, 37
26, 64
26, 56
26, 47
26, 56
26, 54
26, 56
26, 47
26, 55
26, 55
27, 47
27, 57
27, 54
27, 47
27, 59
27, 56
27, 51
27, 57
27, 56
27, 49
27, 54
27, 55
27, 55
27, 47
27, 54
27, 58
27, 47
27, 54
28, 71
28, 47
28, 57
28, 53
28, 47
28, 53
28, 53
28, 51
28, 51
28, 55
28, 45
28, 48
28, 53
28, 53
28, 47
28, 54
28, 51
28, 47
28, 52
28, 53
29, 47
29, 56
29, 57
29, 47
29, 55
29, 54
29, 47
29, 58
29, 53
29, 57
29, 47
29, 63
29, 53
29, 47
29, 54
29, 53
29, 47
29, 52
29, 54
30, 47
30, 54
30, 53
30, 31
30, 67
30, 55
30, 55
30, 46
30, 53
30, 53
30, 48
30, 57
30, 53
30, 47
30, 53
30, 54
30, 47
30, 55
30, 53
31, 47
31, 54
31, 54
31, 47
31, 40
31, 63
31, 51
31, 48
31, 55
31, 52
31, 47
31, 57
31, 55
31, 47
31, 55
31, 52
31, 47
31, 54
31, 50
31, 47
32, 66
32, 52
32, 52
32, 31
32, 67
32, 51
32, 46
32, 51
32, 52
32, 48
32, 51
32, 52
32, 40
32, 58
32, 57
32, 47
32, 55
32, 53
32, 51
33, 47
33, 55
33, 54
33, 46
33, 55
33, 53
33, 47
33, 54
33, 51
33, 47
33, 52
33, 76
33, 32
33, 67
33, 53
33, 63
33, 37
33, 65
33, 54
34, 47
34, 53
34, 53
34, 31
34, 68
34, 52
34, 46
34, 55
34, 54
34, 49
34, 51
34, 52
34, 47
34, 54
34, 54
34, 53
34, 47
34, 53
34, 56
35, 47
35, 56
35, 54
35, 47
35, 54
35, 53
35, 46
35, 53
35, 53
35, 48
35, 52
35, 53
35, 54
35, 47
35, 54
35, 53
35, 47
35, 53
35, 53
35, 32
36, 66
36, 53
36, 47
36, 54
36, 53
36, 47
36, 55
36, 54
36, 48
36, 47
36, 55
36, 57
36, 47
36, 52
36, 54
36, 47
36, 55
36, 55
36, 31
37, 72
37, 53
37, 47
37, 54
37, 54
37, 49
37, 55
37, 54
37, 55
37, 46
37, 56
37, 53
37, 47
37, 54
37, 53
37, 47
37, 56
37, 55
37, 47
38, 57
38, 54
38, 32
38, 71
38, 55
38, 54
38, 49
38, 54
38, 55
38, 47
38, 56
38, 54
38, 47
38, 55
38, 52
38, 47
38, 54
38, 53
38, 31
38, 68
39, 52
39, 46
39, 37
39, 63
39, 57
39, 48
39, 51
39, 55
39, 46
39, 57
39, 54
39, 47
39, 56
39, 54
39, 31
39, 68
39, 53
39, 47
39, 54
40, 53
40, 52
40, 47
40, 54
40, 55
40, 48
40, 54
40, 49
40, 46
40, 54
40, 53
40, 31
40, 68
40, 53
40, 47
40, 53
40, 53
40, 52
40, 31
40, 67
41, 52
41, 47
41, 56
41, 52
41, 47
41, 55
41, 53
41, 47
41, 54
41, 53
41, 44
41, 56
41, 54
41, 47
41, 40
41, 65
41, 54
41, 32
41, 69
42, 55
42, 47
42, 58
42, 54
42, 47
42, 56
42, 56
42, 47
42, 56
42, 51
42, 47
42, 55
42, 53
42, 52
42, 47
42, 56
42, 52
42, 47
42, 55
43, 52
43, 31
43, 68
43, 56
43, 32
43, 69
43, 53
43, 31
43, 67
43, 53
43, 51
43, 32
43, 66
43, 53
43, 47
43, 54
43, 55
43, 46
43, 53
43, 54
44, 47
44, 55
44, 53
44, 47
44, 51
44, 54
44, 48
44, 46
44, 51
44, 50
44, 48
44, 54
44, 52
44, 47
44, 54
44, 54
44, 63
44, 60
44, 54
45, 47
45, 53
45, 54
45, 31
45, 69
45, 53
45, 54
45, 55
45, 54
45, 51
45, 52
45, 54
45, 54
45, 47
45, 55
45, 51
45, 47
45, 55
45, 52
46, 47
46, 55
46, 54
46, 55
46, 47
46, 56
46, 53
46, 47
46, 54
46, 53
46, 47
46, 54
46, 55
46, 47
46, 59
46, 55
46, 47
46, 57
46, 55
46, 47
47, 38
47, 65
47, 68
47, 31
47, 68
47, 54
47, 47
47, 54
47, 53
47, 37
47, 63
47, 54
47, 47
47, 55
47, 58
47, 47
47, 64
47, 52
48, 53
48, 47
48, 53
48, 54
48, 47
48, 55
48, 54
48, 48
48, 54
48, 56
48, 46
48, 55
48, 55
48, 47
48, 56
48, 58
48, 54
48, 47
48, 55
49, 59
49, 48
49, 55
49, 55
49, 47
49, 55
49, 54
49, 48
49, 55
49, 61
49, 49
49, 54
49, 56
49, 47
49, 40
49, 63
49, 53
49, 47
49, 55
50, 53
50, 47
50, 55
50, 54
50, 47
50, 55
50, 54
50, 48
50, 52
50, 52
50, 33
50, 68
50, 54
50, 54
50, 47
50, 51
50, 53
50, 32
50, 67
50, 54
51, 47
51, 56
51, 54
51, 47
51, 56
51, 57
51, 48
51, 53
51, 53
51, 51
51, 47
51, 53
51, 54
51, 47
51, 57
51, 54
51, 47
51, 54
51, 54
51, 31
52, 65
52, 53
52, 47
52, 57
52, 53
52, 49
52, 48
52, 55
52, 55
52, 47
52, 54
52, 57
52, 47
52, 59
52, 54
52, 47
52, 58
52, 54
53, 47
53, 54
53, 56
53, 47
53, 64
53, 54
53, 62
53, 49
53, 54
53, 54
53, 51
53, 57
53, 54
53, 48
53, 57
53, 55
53, 32
53, 70
53, 54
54, 47
54, 58
54, 59
54, 54
54, 47
54, 55
54, 55
54, 49
54, 54
54, 57
54, 46
54, 58
54, 55
54, 47
54, 55
54, 157
54, 47
55, 53
55, 53
55, 39
55, 47
55, 61
55, 55
55, 48
55, 56
55, 50
55, 47
55, 53
55, 54
55, 47
55, 57
55, 54
55, 47
55, 66
55, 55
55, 47
56, 53
56, 53
56, 53
56, 47
56, 52
56, 52
56, 45
56, 54
56, 53
56, 47
56, 54
56, 51
56, 49
56, 57
56, 52
56, 32
56, 66
56, 54
56, 50
56, 47
57, 54
57, 52
57, 47
57, 53
57, 54
57, 46
57, 54
57, 54
57, 47
57, 52
57, 53
57, 47
57, 55
57, 57
57, 79
57, 44
57, 70
57, 53
58, 47
58, 56
58, 54
58, 47
58, 56
58, 53
58, 49
58, 72
58, 55
58, 61
58, 54
58, 53
58, 47
58, 53
58, 52
58, 54
58, 47
58, 53
58, 52
59, 47
59, 54
59, 50
59, 47
59, 53
59, 52
59, 46
59, 52
59, 51
59, 49
59, 53
59, 52
59, 53
59, 47
59, 54
59, 55
59, 46
59, 52
59, 53
59, 47
60, 53
60, 53
60, 31
60, 68
60, 52
60, 49
60, 55
60, 55
60, 46
60, 49
60, 122
60, 56
60, 47
60, 63
60, 57
60, 47
60, 55
61, 57
61, 47
61, 55
61, 53
61, 47
61, 60
61, 55
61, 46
61, 55
61, 54
61, 55
61, 47
61, 55
61, 57
61, 47
61, 56
61, 55
61, 47
61, 59
62, 55
62, 47
62, 54
62, 56
62, 47
62, 59
62, 53
62, 58
62, 47
62, 56
62, 55
62, 42
62, 68
62, 57
62, 47
62, 57
62, 53
62, 47
62, 58
63, 55
63, 47
63, 62
63, 55
63, 47
63, 49
63, 54
63, 55
63, 48
63, 55
63, 53
63, 49
63, 56
63, 55
63, 47
63, 57
63, 57
63, 47
63, 57
64, 54
64, 48
64, 57
64, 57
64, 54
64, 49
64, 54
64, 56
64, 51
64, 56
64, 58
64, 47
64, 56
64, 58
64, 31
64, 69
64, 57
64, 47
64, 61
65, 60
65, 56
65, 33
65, 69
65, 56
65, 45
65, 54
65, 55
65, 51
65, 56
65, 62
65, 47
65, 70
65, 62
65, 47
65, 54
65, 56
65, 47
66, 39
66, 63
66, 56
66, 63
66, 59
66, 56
66, 48
66, 56
66, 56
66, 48
66, 55
66, 57
66, 47
66, 62
66, 56
66, 47
66, 58
66, 58
67, 57
67, 47
67, 55
67, 56
67, 47
67, 58
67, 56
67, 45
67, 56
67, 55
67, 47
67, 58
67, 57
67, 31
67, 70
67, 55
67, 56
67, 47
67, 56
68, 55
68, 47
68, 57
68, 61
68, 31
68, 69
68, 56
68, 47
68, 55
68, 54
68, 49
68, 55
68, 54
68, 44
68, 44
68, 63
68, 54
68, 48
68, 56
69, 55
69, 47
69, 55
69, 52
69, 47
69, 53
69, 53
69, 54
69, 54
69, 53
69, 49
69, 56
69, 56
69, 56
69, 31
69, 69
69, 57
69, 47
69, 57
70, 55
70, 31
70, 71
70, 56
70, 47
70, 58
70, 56
70, 50
70, 55
70, 55
70, 53
70, 46
70, 54
70, 55
70, 94
70, 67
70, 53
70, 47
71, 55
71, 53
71, 47
71, 55
71, 54
71, 48
71, 55
71, 56
71, 46
71, 38
71, 66
71, 55
71, 32
71, 66
71, 54
71, 47
71, 61
71, 54
71, 47
72, 53
72, 58
72, 47
72, 55
72, 53
72, 47
72, 52
72, 56
72, 53
72, 55
72, 57
72, 54
72, 47
72, 54
72, 54
72, 47
72, 56
72, 54
72, 47
73, 57
73, 54
73, 47
73, 55
73, 54
73, 54
73, 47
73, 54
73, 54
73, 47
73, 54
73, 54
73, 43
73, 60
73, 54
73, 46
73, 55
73, 53
73, 47
74, 55
74, 54
74, 48
74, 54
74, 55
74, 56
74, 47
74, 54
74, 56
74, 40
74, 62
74, 53
74, 32
74, 67
74, 55
74, 47
74, 55
74, 55
74, 47
74, 58
75, 55
75, 54
75, 38
75, 64
75, 54
75, 49
75, 53
75, 53
75, 50
75, 55
75, 53
75, 47
75, 56
75, 54
75, 47
75, 55
75, 53
76, 152
76, 47
76, 53
76, 55
76, 47
76, 54
76, 54
76, 47
76, 55
76, 54
76, 45
76, 90
76, 53
76, 47
76, 57
76, 53
76, 32
76, 53
76, 62
77, 52
77, 32
77, 70
77, 55
77, 46
77, 54
77, 54
77, 48
77, 52
77, 55
77, 46
77, 53
77, 53
77, 32
77, 67
77, 54
77, 54
77, 47
77, 56
78, 55
78, 47
78, 55
78, 55
78, 46
78, 55
78, 54
78, 48
78, 56
78, 52
78, 47
78, 56
78, 55
78, 54
78, 46
78, 54
78, 54
78, 31
78, 67
79, 54
79, 47
79, 55
79, 69
79, 31
79, 67
79, 52
79, 46
79, 57
79, 55
79, 49
79, 37
79, 64
79, 55
79, 47
79, 56
79, 52
79, 47
79, 58
80, 55
80, 32
80, 69
80, 53
80, 31
80, 68
80, 53
80, 51
80, 57
80, 55
80, 53
80, 47
80, 56
80, 57
80, 47
80, 56
80, 54
80, 32
80, 68
81, 53
81, 32
81, 67
81, 52
81, 47
81, 54
81, 51
81, 52
81, 47
81, 52
81, 53
81, 48
81, 53
81, 55
81, 47
81, 53
81, 54
81, 47
81, 51
81, 53
82, 31
82, 66
82, 52
82, 47
82, 85
82, 56
82, 55
82, 46
82, 51
82, 54
82, 47
82, 54
82, 55
82, 47
82, 54
82, 53
82, 47
82, 54
82, 54
83, 47
83, 57
83, 54
83, 51
83, 47
83, 56
83, 50
83, 49
83, 52
83, 53
83, 48
83, 54
83, 53
83, 46
83, 57
83, 55
83, 32
83, 67
83, 53
84, 55
84, 46
84, 53
84, 55
84, 31
84, 67
84, 55
84, 48
84, 52
84, 53
84, 49
84, 54
84, 55
84, 47
84, 60
84, 54
84, 47
84, 39
84, 63
85, 55
85, 47
85, 57
85, 56
85, 47
85, 61
85, 55
85, 57
85, 56
85, 55
85, 37
85, 68
85, 55
85, 32
85, 68
85, 57
85, 55
85, 47
85, 55
86, 57
86, 47
86, 58
86, 56
86, 47
86, 57
86, 64
86, 46
86, 54
86, 56
86, 40
86, 66
86, 55
86, 55
86, 31
86, 70
86, 55
86, 47
86, 56
87, 56
87, 32
87, 69
87, 55
87, 48
87, 57
87, 54
87, 49
87, 54
87, 55
87, 49
87, 37
87, 66
87, 55
87, 47
87, 57
87, 60
87, 47
87, 56
88, 59
88, 47
88, 58
88, 53
88, 47
88, 60
88, 53
88, 54
88, 53
88, 53
88, 52
88, 47
88, 53
88, 52
88, 47
88, 52
88, 55
88, 47
88, 54
89, 54
89, 31
89, 68
89, 52
89, 47
89, 146
89, 72
89, 54
89, 31
89, 70
89, 54
89, 31
89, 68
89, 51
89, 47
89, 56
89, 54
90, 47
90, 55
90, 53
90, 47
90, 55
90, 52
90, 45
90, 48
90, 51
90, 52
90, 48
90, 53
90, 53
90, 47
90, 53
90, 55
90, 46
90, 53
90, 53
90, 47
91, 53
91, 54
91, 47
91, 58
91, 53
91, 53
91, 47
91, 54
91, 51
91, 46
91, 54
91, 55
91, 47
91, 59
91, 54
91, 47
91, 51
91, 54
91, 31
92, 68
92, 52
92, 52
92, 47
92, 56
92, 53
92, 47
92, 55
92, 53
92, 54
92, 54
92, 54
92, 47
92, 56
92, 53
92, 47
92, 55
92, 53
92, 31
92, 54
93, 67
93, 55
93, 47
93, 55
93, 51
93, 46
93, 55
93, 54
93, 47
93, 54
93, 53
93, 47
93, 53
93, 53
93, 47
93, 54
93, 52
93, 54
93, 47
94, 53
94, 53
94, 47
94, 54
94, 51
94, 45
94, 55
94, 53
94, 49
94, 52
94, 54
94, 45
94, 54
94, 54
94, 51
94, 47
94, 145
95, 62
95, 62
95, 63
95, 53
95, 47
95, 54
95, 51
95, 45
95, 53
95, 54
95, 31
95, 67
95, 54
95, 32
95, 52
95, 63
95, 51
95, 31
95, 69
95, 53
96, 47
96, 54
96, 53
96, 47
96, 54
96, 52
96, 46
96, 52
96, 52
96, 47
96, 51
96, 55
96, 54
96, 47
96, 54
96, 53
96, 31
96, 71
96, 52
97, 47
97, 54
97, 53
97, 47
97, 95
97, 55
97, 48
97, 54
97, 54
97, 53
97, 41
97, 61
97, 53
97, 46
97, 55
97, 54
97, 47
97, 55
97, 54
98, 47
98, 55
98, 55
98, 47
98, 57
98, 55
98, 47
98, 49
98, 53
98, 52
98, 48
98, 54
98, 53
98, 47
98, 54
98, 55
98, 47
98, 58
98, 52
99, 47
99, 56
99, 55
99, 47
99, 55
99, 51
99, 57
99, 51
99, 53
99, 53
99, 47
99, 62
99, 53
99, 47
99, 57
99, 56
99, 62
100, 173
100, 60
100, 50
100, 54
100, 55
100, 54
100, 47
100, 57
100, 54
100, 47
100, 54
100, 65
100, 31
100, 69
100, 51
100, 31
100, 68
100, 52
101, 47
101, 55
101, 54
101, 32
101, 52
101, 64
101, 52
101, 48
101, 53
101, 53
101, 51
101, 51
101, 53
101, 48
101, 54
101, 52
101, 47
101, 53
101, 52
101, 47
102, 53
102, 55
102, 51
102, 47
102, 56
102, 53
102, 49
102, 54
102, 53
102, 36
102, 68
102, 52
102, 47
102, 64
102, 55
102, 47
102, 54
102, 55
102, 56
103, 47
103, 54
103, 54
103, 47
103, 56
103, 56
103, 48
103, 54
103, 53
103, 51
103, 60
103, 53
103, 47
103, 57
103, 55
103, 47
103, 41
103, 66
103, 54
104, 47
104, 57
104, 55
104, 47
104, 57
104, 56
104, 48
104, 54
104, 54
104, 48
104, 54
104, 53
104, 47
104, 56
104, 55
104, 51
104, 47
104, 56
104, 54
105, 47
105, 83
105, 55
105, 47
105, 56
105, 53
105, 47
105, 54
105, 53
105, 48
105, 56
105, 55
105, 55
105, 31
105, 72
105, 53
105, 31
105, 70
105, 56
106, 47
106, 62
106, 55
106, 47
106, 57
106, 55
106, 49
106, 54
106, 56
106, 37
106, 112
106, 70
106, 55
106, 47
106, 58
106, 54
106, 31
107, 71
107, 56
107, 31
107, 68
107, 56
107, 56
107, 53
107, 56
107, 47
107, 55
107, 54
107, 57
107, 47
107, 58
107, 55
107, 47
107, 57
107, 54
107, 47
108, 55
108, 56
108, 47
108, 55
108, 55
108, 47
108, 55
108, 55
108, 59
108, 47
108, 58
108, 56
108, 47
108, 58
108, 57
108, 47
108, 58
108, 55
108, 31
109, 70
109, 55
109, 48
109, 57
109, 54
109, 46
109, 50
109, 54
109, 54
109, 47
109, 57
109, 56
109, 47
109, 58
109, 55
109, 47
109, 59
109, 56
109, 32
110, 70
110, 55
110, 47
110, 83
110, 56
110, 55
110, 49
110, 57
110, 55
110, 35
110, 70
110, 55
110, 47
110, 61
110, 60
110, 47
110, 58
110, 58
111, 125
111, 104
111, 54
111, 53
111, 47
111, 53
111, 52
111, 52
111, 51
111, 51
111, 47
111, 55
111, 54
111, 47
111, 53
111, 52
111, 47
112, 56
112, 53
112, 47
112, 37
112, 64
112, 53
112, 51
112, 55
112, 53
112, 49
112, 53
112, 52
112, 47
112, 66
112, 53
112, 32
112, 68
112, 54
112, 32
113, 69
113, 52
113, 52
113, 47
113, 54
113, 50
113, 39
113, 64
113, 53
113, 47
113, 55
113, 59
113, 47
113, 54
113, 58
113, 47
113, 55
113, 52
113, 53
114, 47
114, 53
114, 53
114, 31
114, 67
114, 52
114, 46
114, 55
114, 52
114, 48
114, 53
114, 53
114, 47
114, 56
114, 54
114, 32
114, 51
114, 65
114, 53
114, 47
115, 51
115, 53
115, 46
115, 55
115, 52
115, 47
115, 51
115, 71
115, 48
115, 53
115, 53
115, 38
115, 62
115, 56
115, 53
115, 31
115, 68
115, 53
115, 46
116, 55
116, 52
116, 47
116, 59
116, 53
116, 47
116, 54
116, 52
116, 48
116, 55
116, 84
116, 55
116, 47
116, 52
116, 54
116, 47
116, 54
116, 53
116, 47
117, 55
117, 53
117, 47
117, 53
117, 53
117, 46
117, 53
117, 53
117, 47
117, 47
117, 53
117, 53
117, 47
117, 52
117, 53
117, 47
117, 54
117, 139
118, 79
118, 68
118, 139
118, 80
118, 100
118, 144
118, 78
118, 151
118, 144
119, 159
119, 125
119, 182
119, 146
119, 141
119, 165
120, 162
120, 137
120, 170
120, 146
120, 140
120, 167
120, 161
121, 140
121, 166
121, 147
121, 161
121, 141
121, 166
122, 147
122, 141
122, 166
122, 159
122, 47
122, 54
122, 54
122, 47
122, 53
122, 55
122, 46
122, 54
122, 56
123, 47
123, 41
123, 61
123, 54
123, 47
123, 59
123, 54
123, 46
123, 54
123, 54
123, 49
123, 56
123, 53
123, 34
123, 67
123, 57
123, 47
123, 56
123, 54
124, 58
124, 47
124, 55
124, 56
124, 47
124, 62
124, 53
124, 49
124, 52
124, 59
124, 47
124, 57
124, 54
124, 47
124, 58
124, 54
124, 55
124, 47
124, 55
125, 53
125, 47
125, 54
125, 98
125, 49
125, 60
125, 54
125, 47
125, 61
125, 68
125, 47
125, 58
125, 88
125, 47
125, 37
125, 63
125, 52
126, 47
126, 59
126, 53
126, 47
126, 55
126, 53
126, 47
126, 53
126, 51
126, 46
126, 51
126, 54
126, 41
126, 63
126, 51
126, 53
126, 47
126, 55
126, 56
126, 47
127, 57
127, 60
127, 48
127, 56
127, 54
127, 46
127, 56
127, 52
127, 45
127, 53
127, 57
127, 54
127, 47
127, 55
127, 52
127, 31
127, 67
127, 53
127, 31
128, 68
128, 53
128, 46
128, 56
128, 53
128, 47
128, 55
128, 53
128, 47
128, 52
128, 51
128, 53
128, 47
128, 55
128, 53
128, 46
128, 56
128, 50
128, 47
129, 57
129, 54
129, 47
129, 54
129, 53
129, 47
129, 51
129, 55
129, 54
129, 47
129, 51
129, 52
129, 62
129, 53
129, 53
129, 31
129, 67
129, 53
129, 47
129, 51
130, 53
130, 47
130, 55
130, 52
130, 55
130, 47
130, 51
130, 53
130, 47
130, 54
130, 54
130, 47
130, 58
130, 56
130, 47
130, 59
130, 54
130, 62
131, 63
131, 62
131, 47
131, 39
131, 66
131, 54
131, 46
131, 55
131, 55
131, 48
131, 56
131, 60
131, 47
131, 57
131, 55
131, 47
131, 57
131, 53
131, 47
132, 61
132, 54
132, 58
132, 47
132, 55
132, 55
132, 46
132, 55
132, 56
132, 46
132, 55
132, 54
132, 47
132, 58
132, 54
132, 47
132, 59
132, 54
132, 57
133, 47
133, 60
133, 55
133, 47
133, 56
133, 55
133, 55
133, 59
133, 56
133, 49
133, 55
133, 54
133, 47
133, 56
133, 55
133, 31
133, 54
133, 63
133, 54
134, 47
134, 58
134, 57
134, 47
134, 62
134, 57
134, 47
134, 54
134, 56
134, 35
134, 63
134, 56
134, 47
134, 57
134, 56
134, 55
134, 47
134, 55
134, 55
135, 47
135, 57
135, 59
135, 31
135, 72
135, 64
135, 147
135, 69
135, 95
135, 47
135, 77
135, 63
135, 55
135, 47
135, 54
136, 58
136, 47
136, 58
136, 58
136, 47
136, 57
136, 53
136, 48
136, 53
136, 56
136, 46
136, 53
136, 55
136, 47
136, 42
136, 64
136, 54
136, 47
136, 54
137, 53
137, 47
137, 57
137, 55
137, 47
137, 56
137, 57
137, 49
137, 56
137, 53
137, 47
137, 54
137, 53
137, 52
137, 47
137, 54
137, 60
137, 47
137, 52
138, 68
138, 47
138, 56
138, 52
138, 47
138, 55
138, 52
138, 48
138, 54
138, 51
138, 57
138, 47
138, 55
138, 54
138, 47
138, 55
138, 54
138, 32
138, 68
139, 60
139, 47
139, 58
139, 54
139, 47
139, 56
139, 55
139, 47
139, 50
139, 52
139, 55
139, 33
139, 70
139, 53
139, 32
139, 65
139, 56
139, 31
139, 71
140, 53
140, 47
140, 52
140, 55
140, 31
140, 69
140, 54
140, 53
140, 48
140, 53
140, 54
140, 46
140, 53
140, 55
140, 47
140, 56
140, 52
140, 47
140, 53
140, 54
141, 47
141, 52
141, 53
141, 106
141, 61
141, 53
141, 52
141, 49
141, 52
141, 53
141, 47
141, 54
141, 53
141, 47
141, 55
141, 52
141, 47
141, 55
142, 53
142, 32
142, 50
142, 66
142, 53
142, 48
142, 53
142, 53
142, 46
142, 54
142, 52
142, 42
142, 60
142, 53
142, 47
142, 60
142, 92
142, 47
142, 55
143, 55
143, 52
143, 47
143, 54
143, 53
143, 46
143, 58
143, 53
143, 47
143, 56
143, 52
143, 48
143, 52
143, 53
143, 47
143, 54
143, 53
143, 51
143, 47
144, 55
144, 54
144, 47
144, 53
144, 52
144, 47
144, 51
144, 52
144, 49
144, 51
144, 54
144, 47
144, 52
144, 53
144, 47
144, 40
144, 60
144, 55
144, 47
144, 55
145, 54
145, 47
145, 57
145, 54
145, 47
145, 55
145, 55
145, 49
145, 53
145, 55
145, 47
145, 52
145, 55
145, 55
145, 47
145, 55
145, 54
145, 47
145, 56
146, 53
146, 47
146, 55
146, 90
146, 49
146, 53
146, 51
146, 49
146, 77
146, 54
146, 53
146, 47
146, 55
146, 55
146, 47
146, 53
146, 51
146, 32
147, 67
147, 53
147, 47
147, 55
147, 54
147, 49
147, 51
147, 53
147, 45
147, 48
147, 56
147, 52
147, 40
147, 62
147, 60
147, 47
147, 56
147, 55
147, 47
148, 55
148, 56
148, 47
148, 56
148, 55
148, 47
148, 54
148, 53
148, 54
148, 48
148, 56
148, 55
148, 47
148, 55
148, 55
148, 31
148, 70
148, 54
148, 32
149, 68
149, 54
149, 32
149, 69
149, 55
149, 56
149, 49
149, 55
149, 54
149, 47
149, 56
149, 54
149, 47
149, 56
149, 53
149, 31
149, 69
149, 56
149, 47
150, 58
150, 54
150, 47
150, 43
150, 61
150, 54
150, 49
150, 55
150, 55
150, 48
150, 54
150, 54
150, 39
150, 63
150, 56
150, 47
150, 56
150, 56
150, 47
150, 60
151, 54
151, 55
151, 47
151, 61
151, 54
151, 49
151, 55
151, 54
151, 36
151, 68
151, 53
151, 47
151, 57
151, 57
151, 47
151, 59
151, 53
151, 56
152, 46
152, 56
152, 57
152, 47
152, 56
152, 55
152, 48
152, 55
152, 55
152, 31
152, 69
152, 54
152, 31
152, 71
152, 56
152, 47
152, 44
152, 61
152, 55
153, 47
153, 56
153, 57
153, 47
153, 55
153, 54
153, 48
153, 55
153, 57
153, 46
153, 56
153, 58
153, 47
153, 57
153, 54
153, 53
153, 47
153, 57
153, 54
153, 31
154, 71
154, 58
154, 47
154, 58
154, 54
154, 49
154, 57
154, 59
154, 49
154, 54
154, 56
154, 62
154, 47
154, 55
154, 56
154, 47
154, 58
154, 55
155, 31
155, 68
155, 55
155, 47
155, 58
155, 56
155, 48
155, 54
155, 55
155, 43
155, 44
155, 64
155, 54
155, 47
155, 59
155, 52
155, 47
155, 60
155, 54
156, 47
156, 58
156, 57
156, 31
156, 70
156, 53
156, 48
156, 55
156, 53
156, 52
156, 46
156, 59
156, 55
156, 47
156, 55
156, 71
156, 31
156, 68
156, 54
157, 47
157, 55
157, 56
157, 47
157, 54
157, 53
157, 55
157, 50
157, 53
157, 57
157, 49
157, 54
157, 55
157, 47
157, 56
157, 54
157, 47
157, 55
157, 58
158, 31
158, 71
158, 53
158, 47
158, 39
158, 65
158, 54
158, 47
158, 58
158, 55
158, 47
158, 55
158, 54
158, 47
158, 57
158, 56
158, 47
158, 54
158, 53
159, 47
159, 57
159, 55
159, 55
159, 47
159, 58
159, 58
159, 50
159, 55
159, 55
159, 47
159, 54
159, 53
159, 47
159, 59
159, 58
159, 47
159, 54
159, 52
160, 52
160, 47
160, 54
160, 53
160, 47
160, 54
160, 53
160, 47
160, 55
160, 53
160, 44
160, 60
160, 53
160, 47
160, 58
160, 53
160, 31
160, 53
160, 64
161, 54
161, 32
161, 52
161, 53
161, 48
161, 54
161, 53
161, 49
161, 54
161, 54
161, 46
161, 54
161, 55
161, 47
161, 55
161, 54
161, 53
161, 47
161, 56
162, 64
162, 47
162, 77
162, 52
162, 47
162, 54
162, 52
162, 47
162, 55
162, 55
162, 46
162, 55
162, 53
162, 55
162, 47
162, 54
162, 55
162, 47
162, 56
163, 54
163, 47
163, 57
163, 53
163, 48
163, 53
163, 54
163, 48
163, 55
163, 52
163, 49
163, 40
163, 63
163, 56
163, 47
163, 52
163, 53
163, 32
163, 67
164, 52
164, 48
164, 54
164, 54
164, 31
164, 69
164, 51
164, 48
164, 52
164, 54
164, 55
164, 47
164, 53
164, 55
164, 31
164, 66
164, 53
164, 47
164, 51
164, 54
165, 47
165, 55
165, 56
165, 48
165, 52
165, 53
165, 56
165, 61
165, 57
165, 53
165, 47
165, 54
165, 56
165, 47
165, 55
165, 50
165, 47
165, 53
165, 56
166, 47
166, 55
166, 53
166, 32
166, 51
166, 64
166, 54
166, 48
166, 51
166, 54
166, 43
166, 57
166, 54
166, 47
166, 52
166, 52
166, 47
166, 53
166, 52
166, 47
167, 57
167, 53
167, 80
167, 47
167, 54
167, 51
167, 49
167, 52
167, 51
167, 46
167, 53
167, 52
167, 46
167, 55
167, 50
167, 48
167, 54
167, 54
167, 54
168, 47
168, 58
168, 55
168, 47
168, 55
168, 54
168, 55
168, 53
168, 55
168, 48
168, 52
168, 59
168, 47
168, 57
168, 54
168, 47
168, 40
168, 66
169, 54
169, 47
169, 57
169, 55
169, 47
169, 56
169, 55
169, 47
169, 54
169, 54
169, 42
169, 61
169, 56
169, 47
169, 55
169, 56
169, 56
169, 31
169, 73
170, 56
170, 47
170, 67
170, 55
170, 47
170, 56
170, 54
170, 49
170, 55
170, 54
170, 46
170, 56
170, 56
170, 54
170, 47
170, 55
170, 56
170, 47
170, 57
171, 56
171, 47
171, 56
171, 54
171, 47
171, 57
171, 53
171, 50
171, 62
171, 56
171, 48
171, 48
171, 55
171, 55
171, 47
171, 56
171, 57
171, 31
171, 71
172, 54
172, 47
172, 55
172, 56
172, 31
172, 71
172, 71
172, 49
172, 58
172, 56
172, 55
172, 45
172, 58
172, 53
172, 48
172, 56
172, 53
172, 47
172, 55
173, 55
173, 47
173, 54
173, 65
173, 47
173, 55
173, 57
173, 54
173, 46
173, 59
173, 54
173, 47
173, 57
173, 56
173, 47
173, 57
173, 56
173, 47
174, 56
174, 59
174, 47
174, 58
174, 55
174, 48
174, 46
174, 54
174, 56
174, 48
174, 56
174, 55
174, 47
174, 55
174, 55
174, 47
174, 54
174, 54
174, 47
174, 53
175, 53
175, 47
175, 57
175, 56
175, 54
175, 46
175, 55
175, 54
175, 47
175, 53
175, 55
175, 39
175, 63
175, 54
175, 47
175, 56
175, 55
175, 47
176, 68
176, 55
176, 57
176, 46
176, 55
176, 54
176, 46
176, 55
176, 56
176, 47
176, 54
176, 53
176, 31
176, 69
176, 54
176, 47
176, 55
176, 54
176, 47
176, 39
177, 66
177, 55
177, 47
177, 54
177, 55
177, 48
177, 54
177, 53
177, 48
177, 54
177, 83
177, 47
177, 55
177, 54
177, 31
177, 69
177, 53
177, 53
177, 31
178, 69
178, 55
178, 47
178, 56
178, 56
178, 48
178, 56
178, 54
178, 47
178, 54
178, 56
178, 47
178, 55
178, 55
178, 54
178, 47
178, 53
178, 55
178, 47
179, 54
179, 54
179, 34
179, 68
179, 55
179, 47
179, 53
179, 54
179, 46
179, 55
179, 54
179, 47
179, 51
179, 69
179, 54
179, 31
179, 70
179, 53
179, 47
180, 55
180, 54
180, 47
180, 56
180, 55
180, 47
180, 52
180, 54
180, 48
180, 55
180, 54
180, 54
180, 31
180, 70
180, 60
180, 47
180, 56
180, 55
180, 47
181, 54
181, 52
181, 47
181, 55
181, 52
181, 47
181, 54
181, 53
181, 54
181, 48
181, 57
181, 56
181, 47
181, 56
181, 54
181, 47
181, 58
181, 54
181, 47
182, 56
182, 53
182, 47
182, 56
182, 55
182, 48
182, 47
182, 55
182, 54
182, 49
182, 55
182, 52
182, 48
182, 55
182, 54
182, 47
182, 56
182, 53
182, 47
183, 54
183, 55
183, 32
183, 68
183, 53
183, 55
183, 47
183, 55
183, 55
183, 47
183, 54
183, 55
183, 48
183, 52
183, 56
183, 47
183, 55
183, 53
183, 32
184, 68
184, 53
184, 54
184, 47
184, 52
184, 59
184, 47
184, 52
184, 56
184, 48
184, 53
184, 56
184, 31
184, 72
184, 56
184, 47
184, 57
184, 54
184, 47
184, 40
185, 75
185, 56
185, 47
185, 58
185, 54
185, 48
185, 54
185, 55
185, 47
185, 55
185, 56
185, 32
185, 67
185, 57
185, 32
185, 69
185, 56
185, 55
186, 47
186, 58
186, 55
186, 47
186, 57
186, 53
186, 48
186, 54
186, 56
186, 39
186, 62
186, 162
186, 47
186, 57
186, 167
187, 54
187, 47
187, 71
187, 76
187, 48
187, 75
187, 53
187, 49
187, 56
187, 62
187, 47
187, 65
187, 74
187, 47
187, 84
187, 54
187, 47
188, 47
188, 93
188, 56
188, 47
188, 66
188, 77
188, 47
188, 79
188, 58
188, 47
188, 66
188, 58
188, 47
188, 54
188, 55
188, 47
188, 56
189, 54
189, 58
189, 47
189, 55
189, 56
189, 46
189, 55
189, 56
189, 47
189, 56
189, 54
189, 46
189, 56
189, 59
189, 47
189, 55
189, 56
189, 55
189, 47
190, 54
190, 53
190, 47
190, 56
190, 53
190, 50
190, 53
190, 52
190, 48
190, 56
190, 53
190, 32
190, 69
190, 53
190, 47
190, 37
190, 64
190, 52
190, 47
191, 54
191, 54
191, 47
191, 57
191, 54
191, 43
191, 58
191, 54
191, 47
191, 55
191, 57
191, 47
191, 57
191, 53
191, 57
191, 47
191, 55
191, 54
191, 47
192, 53
192, 53
192, 47
192, 60
192, 54
192, 49
192, 52
192, 56
192, 48
192, 54
192, 52
192, 50
192, 40
192, 63
192, 53
192, 32
192, 69
192, 55
192, 47
193, 57
193, 55
193, 47
193, 53
193, 54
193, 48
193, 55
193, 54
193, 47
193, 38
193, 62
193, 55
193, 47
193, 54
193, 53
193, 48
193, 57
193, 54
193, 31
193, 68
194, 57
194, 31
194, 68
194, 55
194, 47
194, 55
194, 52
194, 53
194, 49
194, 52
194, 53
194, 31
194, 51
194, 53
194, 47
194, 52
194, 54
194, 46
194, 52
195, 53
195, 47
195, 53
195, 53
195, 52
195, 48
195, 54
195, 54
195, 48
195, 55
195, 53
195, 48
195, 54
195, 52
195, 47
195, 54
195, 52
195, 47
195, 55
195, 53
196, 31
196, 51
196, 64
196, 54
196, 47
196, 52
196, 53
196, 48
196, 54
196, 53
196, 47
196, 51
196, 52
196, 47
196, 55
196, 53
196, 47
196, 53
196, 53
197, 52
197, 47
197, 57
197, 55
197, 47
197, 53
197, 52
197, 47
197, 53
197, 54
197, 47
197, 54
197, 52
197, 47
197, 54
197, 54
197, 55
197, 46
197, 52
197, 55
198, 47
198, 53
198, 59
198, 31
198, 68
198, 65
198, 47
198, 55
198, 53
198, 50
198, 54
198, 62
198, 47
198, 39
198, 67
198, 53
198, 47
198, 57
198, 52
199, 47
199, 67
199, 55
199, 47
199, 54
199, 54
199, 47
199, 55
199, 52
199, 49
199, 54
199, 55
199, 54
199, 47
199, 56
199, 59
199, 47
199, 56
200, 52
200, 47
200, 53
200, 58
200, 47
200, 57
200, 52
200, 50
200, 56
200, 54
200, 54
200, 47
200, 53
200, 55
200, 47
200, 59
200, 55
200, 47
200, 55
201, 55
201, 47
201, 56
201, 55
201, 47
201, 53
201, 53
201, 48
201, 46
201, 55
201, 56
201, 47
201, 55
201, 56
201, 47
201, 59
201, 54
201, 47
201, 53
201, 55
202, 47
202, 55
202, 54
202, 46
202, 54
202, 53
202, 52
202, 48
202, 55
202, 52
202, 38
202, 65
202, 54
202, 31
202, 68
202, 53
202, 47
202, 52
202, 54
203, 32
203, 67
203, 53
203, 54
203, 47
203, 56
203, 49
203, 50
203, 54
203, 53
203, 46
203, 53
203, 53
203, 31
203, 55
203, 53
203, 47
203, 55
203, 53
203, 47
204, 43
204, 61
204, 54
204, 47
204, 54
204, 61
204, 47
204, 52
204, 55
204, 46
204, 58
204, 52
204, 47
204, 53
204, 54
204, 47
204, 55
204, 52
204, 53
205, 32
205, 69
205, 53
205, 47
205, 53
205, 53
205, 48
205, 53
205, 52
205, 46
205, 53
205, 51
205, 47
205, 56
205, 52
205, 54
205, 47
205, 53
205, 55
206, 47
206, 55
206, 53
206, 47
206, 55
206, 54
206, 48
206, 53
206, 53
206, 31
206, 68
206, 53
206, 47
206, 48
206, 63
206, 60
206, 47
206, 56
206, 57
207, 47
207, 58
207, 56
207, 47
207, 55
207, 53
207, 48
207, 54
207, 55
207, 51
207, 58
207, 56
207, 55
207, 46
207, 59
207, 55
207, 47
207, 56
207, 54
208, 47
208, 145
208, 142
208, 139
208, 133
208, 53
208, 126
208, 144
208, 52
209, 125
209, 63
209, 70
209, 54
209, 46
209, 57
209, 54
209, 46
209, 53
209, 57
209, 31
209, 67
209, 54
209, 31
209, 66
209, 55
209, 47
209, 39
210, 63
210, 53
210, 32
210, 55
210, 56
210, 48
210, 52
210, 55
210, 48
210, 54
210, 53
210, 48
210, 53
210, 53
210, 31
210, 56
210, 54
210, 55
210, 47
211, 60
211, 53
211, 47
211, 56
211, 56
211, 47
211, 54
211, 58
211, 47
211, 54
211, 57
211, 32
211, 69
211, 54
211, 54
211, 47
211, 54
211, 55
211, 47
212, 55
212, 56
212, 47
212, 55
212, 55
212, 48
212, 54
212, 54
212, 48
212, 54
212, 54
212, 41
212, 46
212, 66
212, 53
212, 32
212, 70
212, 54
212, 47
213, 55
213, 54
213, 47
213, 55
213, 55
213, 31
213, 69
213, 54
213, 46
213, 60
213, 54
213, 56
213, 47
213, 55
213, 54
213, 47
213, 84
213, 52
213, 47
214, 53
214, 54
214, 47
214, 53
214, 53
214, 47
214, 54
214, 54
214, 51
214, 44
214, 56
214, 55
214, 47
214, 54
214, 55
214, 47
214, 54
214, 53
214, 47
215, 54
215, 53
215, 46
215, 54
215, 53
215, 44
215, 51
215, 52
215, 52
215, 47
215, 55
215, 53
215, 47
215, 55
215, 52
215, 46
215, 56
215, 53
215, 47
215, 56
216, 53
216, 47
216, 51
216, 54
216, 53
216, 47
216, 55
216, 51
216, 47
216, 53
216, 54
216, 40
216, 63
216, 54
216, 47
216, 56
216, 52
216, 47
216, 58
217, 54
217, 55
217, 47
217, 56
217, 51
217, 47
217, 54
217, 58
217, 48
217, 53
217, 55
217, 47
217, 54
217, 54
217, 47
217, 56
217, 54
217, 31
217, 53
217, 63
218, 53
218, 31
218, 70
218, 53
218, 47
218, 53
218, 54
218, 47
218, 54
218, 53
218, 31
218, 66
218, 54
218, 47
218, 55
218, 56
218, 54
218, 31
218, 96
219, 53
219, 47
219, 55
219, 51
219, 47
219, 62
219, 50
219, 51
219, 52
219, 55
219, 43
219, 61
219, 53
219, 54
219, 47
219, 53
219, 55
219, 47
219, 54
220, 54
220, 47
220, 55
220, 50
220, 47
220, 54
220, 53
220, 46
220, 52
220, 54
220, 47
220, 48
220, 54
220, 55
220, 47
220, 53
220, 54
220, 47
220, 53
221, 53
221, 47
221, 52
221, 66
221, 47
221, 55
221, 54
221, 46
221, 53
221, 53
221, 55
221, 48
221, 52
221, 52
221, 47
221, 53
221, 53
221, 47
221, 56
222, 53
222, 47
222, 53
222, 52
222, 47
222, 55
222, 53
222, 53
222, 34
222, 68
222, 52
222, 47
222, 54
222, 51
222, 47
222, 55
222, 52
222, 47
222, 57
222, 54
223, 47
223, 54
223, 55
223, 31
223, 52
223, 64
223, 51
223, 48
223, 53
223, 51
223, 47
223, 54
223, 53
223, 32
223, 66
223, 54
223, 47
223, 54
223, 53
223, 47
224, 55
224, 54
224, 82
224, 47
224, 54
224, 53
224, 49
224, 54
224, 50
224, 49
224, 54
224, 53
224, 47
224, 54
224, 54
224, 47
224, 61
224, 53
225, 56
225, 47
225, 55
225, 53
225, 47
225, 52
225, 54
225, 47
225, 56
225, 53
225, 33
225, 68
225, 52
225, 31
225, 68
225, 53
225, 31
225, 52
225, 61
225, 53
226, 32
226, 68
226, 53
226, 47
226, 55
226, 56
226, 52
226, 53
226, 51
226, 47
226, 54
226, 55
226, 47
226, 54
226, 53
226, 53
226, 47
226, 56
226, 53
227, 47
227, 58
227, 53
227, 47
227, 52
227, 52
227, 48
227, 53
227, 52
227, 47
227, 53
227, 52
227, 52
227, 31
227, 68
227, 54
227, 47
227, 55
227, 54
227, 47
228, 55
228, 51
228, 47
228, 53
228, 53
228, 67
228, 72
228, 55
228, 35
228, 65
228, 66
228, 53
228, 31
228, 67
228, 53
228, 47
228, 60
228, 54
229, 47
229, 57
229, 52
229, 47
229, 52
229, 52
229, 58
229, 52
229, 54
229, 55
229, 31
229, 71
229, 57
229, 47
229, 56
229, 54
229, 47
229, 55
229, 58
230, 47
230, 57
230, 81
230, 47
230, 64
230, 51
230, 55
230, 47
230, 53
230, 54
230, 46
230, 55
230, 53
230, 47
230, 56
230, 53
230, 47
230, 55
230, 54
231, 47
231, 55
231, 55
231, 32
231, 52
231, 71
231, 54
231, 47
231, 56
231, 54
231, 49
231, 55
231, 53
231, 47
231, 57
231, 55
231, 47
231, 58
231, 55
232, 47
232, 57
232, 56
232, 55
232, 51
232, 73
232, 130
232, 47
232, 59
232, 54
232, 47
232, 60
232, 62
232, 47
232, 58
232, 54
233, 47
233, 56
233, 56
233, 58
233, 47
233, 57
233, 72
233, 47
233, 55
233, 55
233, 43
233, 60
233, 56
233, 31
233, 70
233, 55
233, 47
233, 58
233, 55
234, 47
234, 41
234, 64
234, 55
234, 47
234, 54
234, 54
234, 48
234, 55
234, 71
234, 48
234, 59
234, 56
234, 48
234, 55
234, 53
234, 47
234, 56
234, 56
235, 54
235, 31
235, 72
235, 56
235, 45
235, 71
235, 55
235, 48
235, 54
235, 56
235, 48
235, 55
235, 55
235, 47
235, 56
235, 55
235, 56
235, 63
236, 55
236, 54
236, 47
236, 56
236, 144
236, 53
236, 55
236, 55
236, 39
236, 62
236, 53
236, 47
236, 57
236, 53
236, 47
236, 40
236, 65
237, 53
237, 47
237, 53
237, 53
237, 48
237, 54
237, 53
237, 46
237, 55
237, 53
237, 48
237, 57
237, 55
237, 32
237, 70
237, 54
237, 54
237, 47
237, 64
238, 53
238, 47
238, 57
238, 56
238, 47
238, 58
238, 54
238, 48
238, 59
238, 53
238, 47
238, 54
238, 54
238, 54
238, 79
238, 63
238, 53
238, 47
238, 56
239, 56
239, 47
239, 56
239, 53
239, 31
239, 67
239, 54
239, 47
239, 54
239, 54
239, 31
239, 53
239, 63
239, 55
239, 47
239, 55
239, 55
239, 47
239, 55
240, 54
240, 47
240, 56
240, 55
240, 47
240, 52
240, 55
240, 45
240, 53
240, 54
240, 55
240, 47
240, 53
240, 55
240, 47
240, 53
240, 55
240, 31
240, 68
241, 90
241, 47
241, 54
241, 56
241, 47
241, 55
241, 55
241, 51
241, 46
241, 54
241, 53
241, 41
241, 60
241, 54
241, 47
241, 55
241, 55
241, 47
241, 55
242, 55
242, 50
242, 53
242, 55
242, 32
242, 63
242, 54
242, 153
242, 111
242, 54
242, 53
242, 31
242, 69
242, 55
242, 47
242, 58
243, 56
243, 47
243, 54
243, 55
243, 47
243, 55
243, 57
243, 56
243, 46
243, 58
243, 55
243, 31
243, 69
243, 54
243, 47
243, 60
243, 55
243, 47
243, 64
244, 55
244, 47
244, 57
244, 56
244, 57
244, 48
244, 56
244, 54
244, 48
244, 56
244, 55
244, 47
244, 56
244, 53
244, 32
244, 69
244, 66
244, 47
244, 56
245, 56
245, 47
245, 38
245, 63
245, 55
245, 49
245, 55
245, 55
245, 46
245, 53
245, 55
245, 32
245, 71
245, 55
245, 47
245, 56
245, 56
245, 47
245, 69
246, 55
246, 55
246, 47
246, 57
246, 55
246, 37
246, 66
246, 55
246, 47
246, 55
246, 52
246, 48
246, 51
246, 54
246, 62
246, 80
246, 68
247, 65
247, 47
247, 61
247, 58
247, 31
247, 68
247, 55
247, 47
247, 54
247, 55
247, 66
247, 63
247, 53
247, 47
247, 57
247, 53
247, 47
247, 37
247, 63
248, 53
248, 47
248, 54
248, 54
248, 31
248, 68
248, 53
248, 47
248, 53
248, 52
248, 48
248, 52
248, 52
248, 47
248, 57
248, 54
248, 54
248, 47
248, 56
249, 54
249, 46
249, 54
249, 56
249, 47
249, 65
249, 53
249, 47
249, 53
249, 54
249, 47
249, 55
249, 52
249, 53
249, 47
249, 54
249, 54
249, 47
249, 55
249, 53
250, 47
250, 54
250, 52
250, 47
250, 64
250, 54
250, 46
250, 52
250, 52
250, 36
250, 50
250, 64
250, 52
250, 47
250, 59
250, 54
250, 47
250, 52
250, 52
251, 32
251, 69
251, 51
251, 47
251, 66
251, 53
251, 49
251, 52
251, 54
251, 54
251, 45
251, 55
251, 53
251, 31
251, 69
251, 52
251, 32
251, 66
251, 54
252, 47
252, 54
252, 54
252, 46
252, 61
252, 53
252, 52
252, 47
252, 51
252, 53
252, 47
252, 53
252, 54
252, 47
252, 56
252, 54
252, 32
252, 67
252, 53
252, 47
253, 55
253, 55
253, 47
253, 38
253, 64
253, 56
253, 49
253, 55
253, 61
253, 47
253, 55
253, 55
253, 47
253, 55
253, 54
253, 31
253, 69
253, 53
253, 47
254, 59
254, 59
254, 52
254, 47
254, 59
254, 54
254, 48
254, 52
254, 52
254, 47
254, 54
254, 55
254, 47
254, 53
254, 53
254, 31
254, 65
254, 54
254, 57
255, 47
255, 54
255, 56
255, 47
255, 57
255, 54
255, 46
255, 55
255, 55
255, 47
255, 64
255, 55
255, 47
255, 56
255, 55
255, 47
255, 39
255, 64
255, 55
256, 47
256, 55
256, 55
256, 47
256, 55
256, 54
256, 56
256, 58
256, 53
256, 50
256, 52
256, 54
256, 35
256, 69
256, 56
256, 53
256, 47
256, 54
256, 60
257, 46
257, 59
257, 57
257, 47
257, 55
257, 56
257, 48
257, 55
257, 54
257, 48
257, 53
257, 54
257, 71
257, 47
257, 52
257, 51
257, 47
257, 53
257, 54
258, 47
258, 74
258, 77
258, 47
258, 54
258, 66
258, 49
258, 53
258, 52
258, 34
258, 51
258, 62
258, 53
258, 47
258, 78
258, 51
258, 47
259, 69
259, 53
259, 47
259, 54
259, 51
259, 47
259, 54
259, 60
259, 46
259, 57
259, 55
259, 53
259, 47
259, 62
259, 59
259, 47
259, 59
259, 66
259, 62
260, 55
260, 52
260, 47
260, 57
260, 56
260, 48
260, 52
260, 79
260, 58
260, 47
260, 53
260, 59
260, 47
260, 59
260, 54
260, 47
260, 56
260, 55
261, 47
261, 56
261, 54
261, 47
261, 61
261, 52
261, 49
261, 49
261, 53
261, 54
261, 47
261, 54
261, 54
261, 47
261, 54
261, 54
261, 47
261, 53
261, 54
261, 32
262, 66
262, 55
262, 31
262, 71
262, 53
262, 59
262, 49
262, 54
262, 52
262, 50
262, 55
262, 59
262, 46
262, 59
262, 55
262, 47
262, 57
262, 53
263, 47
263, 55
263, 55
263, 55
263, 32
263, 54
263, 55
263, 49
263, 56
263, 55
263, 47
263, 153
263, 57
263, 47
263, 56
263, 53
263, 31
263, 69
264, 58
264, 47
264, 40
264, 62
264, 53
264, 46
264, 55
264, 55
264, 46
264, 54
264, 55
264, 47
264, 57
264, 56
264, 47
264, 65
264, 53
264, 31
264, 52
265, 51
265, 55
265, 47
265, 54
265, 56
265, 46
265, 55
265, 53
265, 48
265, 55
265, 52
265, 47
265, 55
265, 54
265, 47
265, 52
265, 55
265, 55
265, 47
266, 54
266, 55
266, 46
266, 63
266, 53
266, 45
266, 68
266, 53
266, 47
266, 55
266, 60
266, 39
266, 77
266, 55
266, 47
266, 38
266, 65
266, 55
266, 31
267, 67
267, 55
267, 47
267, 56
267, 55
267, 47
267, 53
267, 53
267, 47
267, 54
267, 54
267, 47
267, 57
267, 56
267, 54
267, 47
267, 65
267, 53
267, 47
268, 56
268, 53
268, 47
268, 59
268, 54
268, 58
268, 54
268, 54
268, 47
268, 67
268, 56
268, 54
268, 47
268, 56
268, 52
268, 47
268, 56
268, 53
269, 47
269, 53
269, 134
269, 47
269, 85
269, 53
269, 47
269, 54
269, 53
269, 47
269, 44
269, 73
269, 52
269, 47
269, 55
269, 54
269, 46
270, 55
270, 53
270, 31
270, 71
270, 54
270, 49
270, 55
270, 83
270, 41
270, 60
270, 57
270, 55
270, 47
270, 55
270, 52
270, 47
270, 54
270, 60
270, 47
271, 54
271, 55
271, 46
271, 55
271, 61
271, 44
271, 51
271, 53
271, 52
271, 45
271, 57
271, 54
271, 47
271, 54
271, 52
271, 47
271, 54
271, 53
271, 47
272, 54
272, 53
272, 47
272, 55
272, 56
272, 46
272, 48
272, 53
272, 53
272, 49
272, 52
272, 53
272, 47
272, 53
272, 54
272, 47
272, 54
272, 53
272, 47
272, 54
273, 53
273, 47
273, 53
273, 260
273, 138
273, 133
273, 56
273, 258
274, 141
274, 99
274, 53
274, 48
274, 56
274, 52
274, 53
274, 54
274, 52
274, 32
274, 72
274, 56
274, 57
274, 47
274, 53
274, 53
275, 47
275, 57
275, 55
275, 47
275, 55
275, 52
275, 46
275, 54
275, 53
275, 48
275, 54
275, 54
275, 31
275, 53
275, 67
275, 54
275, 31
275, 69
275, 54
275, 47
276, 56
276, 54
276, 47
276, 60
276, 55
276, 49
276, 55
276, 56
276, 47
276, 55
276, 54
276, 53
276, 47
276, 67
276, 54
276, 47
276, 57
276, 54
276, 31
277, 139
277, 58
277, 47
277, 55
277, 54
277, 48
277, 54
277, 54
277, 55
277, 47
277, 56
277, 53
277, 47
277, 55
277, 54
277, 47
277, 56
278, 58
278, 125
278, 158
278, 137
278, 109
278, 66
278, 133
278, 110
278, 51
279, 146
279, 86
279, 47
279, 56
279, 269
279, 149
279, 159
279, 55
279, 47
279, 58
280, 55
280, 47
280, 56
280, 57
280, 46
280, 59
280, 55
280, 53
280, 47
280, 57
280, 53
280, 37
280, 65
280, 55
280, 78
280, 62
280, 56
280, 47
281, 56
281, 55
281, 47
281, 56
281, 54
281, 57
281, 46
281, 73
281, 94
281, 62
281, 59
281, 55
281, 63
281, 67
281, 57
281, 47
281, 54
282, 56
282, 47
282, 56
282, 55
282, 47
282, 48
282, 54
282, 57
282, 47
282, 55
282, 55
282, 47
282, 56
282, 55
282, 47
282, 57
282, 56
282, 31
282, 68
283, 55
283, 47
283, 54
283, 56
283, 56
283, 49
283, 58
283, 59
283, 48
283, 53
283, 59
283, 63
283, 72
283, 57
283, 47
283, 56
283, 56
283, 47
284, 56
284, 56
284, 57
284, 47
284, 61
284, 53
284, 47
284, 56
284, 53
284, 48
284, 55
284, 55
284, 40
284, 64
284, 54
284, 47
284, 56
284, 55
284, 31
285, 53
285, 65
285, 55
285, 47
285, 55
285, 55
285, 48
285, 54
285, 53
285, 49
285, 57
285, 54
285, 47
285, 57
285, 55
285, 47
285, 57
285, 55
285, 54
286, 47
286, 56
286, 56
286, 47
286, 55
286, 54
286, 47
286, 56
286, 54
286, 47
286, 54
286, 57
286, 47
286, 59
286, 65
286, 55
286, 32
286, 68
286, 54
287, 47
287, 55
287, 56
287, 47
287, 55
287, 56
287, 47
287, 53
287, 57
287, 47
287, 56
287, 54
287, 47
287, 39
287, 65
287, 55
287, 47
287, 55
287, 55
288, 47
288, 59
288, 56
288, 109
288, 143
288, 56
288, 125
288, 143
288, 58
288, 188
289, 64
289, 56
289, 272
289, 153
289, 151
289, 163
289, 125
290, 183
290, 142
290, 144
290, 164
290, 163
290, 125
291, 182
291, 144
291, 155
291, 151
291, 164
291, 144
291, 156
292, 150
292, 163
292, 137
292, 171
292, 143
292, 140
292, 59
292, 53
293, 47
293, 54
293, 55
293, 63
293, 58
293, 54
293, 47
293, 53
293, 55
293, 55
293, 46
293, 64
293, 54
293, 47
293, 56
293, 52
293, 47
293, 56
293, 53
294, 47
294, 56
294, 55
294, 47
294, 57
294, 54
294, 53
294, 50
294, 54
294, 57
294, 48
294, 66
294, 54
294, 47
294, 54
294, 56
294, 47
294, 58
295, 85
295, 47
295, 59
295, 67
295, 64
295, 50
295, 54
295, 56
295, 47
295, 55
295, 55
295, 47
295, 61
295, 56
295, 47
295, 58
295, 55
295, 47
296, 58
296, 55
296, 47
296, 39
296, 63
296, 55
296, 46
296, 54
296, 51
296, 48
296, 53
296, 53
296, 47
296, 54
296, 55
296, 46
296, 52
296, 53
296, 31
296, 70
297, 54
297, 59
297, 48
297, 55
297, 59
297, 47
297, 55
297, 53
297, 47
297, 57
297, 55
297, 47
297, 55
297, 53
297, 48
297, 55
297, 54
297, 55
297, 32
298, 66
298, 55
298, 31
298, 71
298, 54
298, 49
298, 55
298, 53
298, 47
298, 61
298, 55
298, 48
298, 54
298, 53
298, 47
298, 38
298, 65
298, 54
298, 47
299, 54
299, 54
299, 47
299, 55
299, 55
299, 47
299, 52
299, 53
299, 46
299, 52
299, 55
299, 47
299, 55
299, 54
299, 59
299, 47
299, 53
299, 57
299, 47
300, 55
