Total Time, Response Time
0, 66
0, 108
0, 55
0, 114
0, 56
0, 61
0, 112
0, 112
0, 60
0, 114
0, 55
0, 57
1, 55
1, 56
1, 54
1, 54
1, 55
1, 62
1, 55
1, 56
1, 111
1, 55
1, 56
1, 64
1, 55
1, 55
1, 114
2, 173
2, 53
2, 54
2, 54
2, 164
2, 57
2, 67
2, 56
2, 55
2, 53
2, 56
2, 56
2, 56
2, 116
3, 61
3, 58
3, 54
3, 54
3, 112
3, 53
3, 111
3, 166
3, 106
3, 107
3, 52
3, 53
4, 54
4, 53
4, 58
4, 156
4, 52
4, 51
4, 52
4, 59
4, 52
4, 106
4, 61
4, 108
4, 59
4, 55
5, 53
5, 52
5, 54
5, 52
5, 52
5, 168
5, 54
5, 52
5, 58
5, 62
5, 52
5, 59
5, 53
5, 53
5, 54
6, 273
6, 53
6, 61
6, 53
6, 55
6, 162
6, 52
6, 53
6, 55
6, 53
6, 51
6, 55
6, 112
7, 108
7, 109
7, 57
7, 58
7, 105
7, 51
7, 105
7, 52
7, 60
7, 55
7, 53
7, 54
7, 53
8, 124
8, 53
8, 58
8, 54
8, 54
8, 52
8, 53
8, 51
8, 52
8, 61
8, 51
8, 54
8, 171
8, 51
8, 60
9, 107
9, 58
9, 55
9, 51
9, 105
9, 52
9, 53
9, 51
9, 105
9, 53
9, 112
9, 55
9, 161
9, 54
10, 53
10, 64
10, 52
10, 53
10, 52
10, 53
10, 108
10, 61
10, 106
10, 58
10, 53
10, 55
10, 106
10, 57
10, 53
11, 163
11, 53
11, 109
11, 53
11, 53
11, 52
11, 62
11, 53
11, 54
11, 61
11, 53
11, 53
11, 54
11, 54
11, 54
11, 55
12, 54
12, 51
12, 51
12, 53
12, 52
12, 53
12, 53
12, 60
12, 61
12, 110
12, 105
12, 54
12, 53
12, 114
12, 53
13, 52
13, 109
13, 57
13, 134
13, 54
13, 53
13, 54
13, 55
13, 52
13, 115
13, 53
13, 157
13, 53
14, 51
14, 110
14, 53
14, 55
14, 52
14, 106
14, 81
14, 56
14, 54
14, 54
14, 51
14, 105
14, 51
14, 55
14, 52
15, 53
15, 53
15, 52
15, 236
15, 164
15, 57
15, 117
15, 56
15, 237
16, 54
16, 62
16, 56
16, 54
16, 57
16, 54
16, 54
16, 55
16, 55
16, 119
16, 174
16, 228
17, 108
17, 56
17, 178
17, 55
17, 163
17, 105
17, 56
17, 54
17, 55
17, 53
17, 53
17, 53
18, 111
18, 114
18, 54
18, 54
18, 67
18, 53
18, 55
18, 61
18, 54
18, 55
18, 110
18, 53
18, 55
18, 62
18, 54
19, 54
19, 55
19, 87
19, 54
19, 54
19, 283
19, 55
19, 167
19, 53
19, 54
19, 54
20, 54
20, 53
20, 55
20, 218
20, 54
20, 57
20, 52
20, 56
20, 162
20, 55
20, 53
20, 54
20, 54
21, 60
21, 52
21, 53
21, 56
21, 55
21, 52
21, 52
21, 64
21, 53
21, 53
21, 52
21, 53
21, 54
21, 54
21, 58
21, 52
21, 57
21, 103
22, 52
22, 56
22, 56
22, 62
22, 54
22, 209
22, 53
22, 62
22, 53
22, 52
22, 53
22, 54
22, 52
22, 112
23, 165
23, 52
23, 54
23, 105
23, 53
23, 52
23, 52
23, 106
23, 54
23, 52
23, 59
23, 55
23, 55
23, 57
24, 105
24, 54
24, 63
24, 52
24, 53
24, 55
24, 53
24, 57
24, 54
24, 60
24, 55
24, 110
24, 55
24, 54
24, 55
24, 54
25, 118
25, 110
25, 58
25, 57
25, 59
25, 61
25, 52
25, 54
25, 158
25, 55
25, 61
25, 113
25, 54
26, 111
26, 53
26, 53
26, 53
26, 111
26, 54
26, 54
26, 111
26, 112
26, 54
26, 56
26, 53
26, 52
26, 56
26, 61
27, 54
27, 52
27, 58
27, 52
27, 54
27, 118
27, 53
27, 113
27, 55
27, 113
27, 54
27, 59
27, 53
27, 53
28, 94
28, 53
28, 54
28, 54
28, 60
28, 62
28, 59
28, 53
28, 159
28, 60
28, 54
28, 53
28, 53
28, 53
28, 52
28, 57
29, 105
29, 108
29, 54
29, 55
29, 52
29, 162
29, 53
29, 52
29, 54
29, 105
29, 166
30, 172
30, 173
30, 56
30, 55
30, 165
30, 56
30, 73
30, 55
30, 54
30, 56
30, 56
31, 230
31, 55
31, 61
31, 56
31, 108
31, 64
31, 115
31, 69
31, 54
31, 166
31, 54
32, 112
32, 56
32, 54
32, 55
32, 56
32, 63
32, 53
32, 55
32, 55
32, 57
32, 56
32, 56
32, 62
32, 167
32, 55
33, 111
33, 61
33, 110
33, 54
33, 54
33, 54
33, 55
33, 54
33, 185
33, 55
33, 56
33, 109
33, 117
34, 54
34, 55
34, 55
34, 56
34, 79
34, 62
34, 53
34, 58
34, 55
34, 169
34, 54
34, 112
35, 167
35, 114
35, 63
35, 55
35, 109
35, 54
35, 54
35, 116
35, 53
35, 55
35, 55
35, 56
35, 54
35, 55
35, 61
36, 52
36, 108
36, 56
36, 55
36, 54
36, 54
36, 60
36, 115
36, 55
36, 113
36, 53
36, 60
36, 133
37, 142
37, 149
37, 140
37, 58
38, 568
38, 166
38, 54
38, 109
38, 54
38, 55
38, 54
38, 58
38, 109
38, 62
38, 54
38, 57
38, 113
39, 55
39, 54
39, 117
39, 55
39, 54
39, 54
39, 54
39, 117
39, 107
39, 55
39, 53
39, 55
39, 59
39, 129
40, 54
40, 65
40, 56
40, 83
40, 109
40, 132
40, 53
40, 55
40, 58
40, 55
40, 54
40, 59
40, 56
40, 54
40, 54
41, 214
41, 106
41, 109
41, 54
41, 54
41, 54
41, 118
41, 54
41, 54
41, 55
41, 109
42, 60
42, 166
42, 56
42, 54
42, 115
42, 55
42, 54
42, 110
42, 110
42, 55
42, 60
42, 57
42, 54
43, 55
43, 57
43, 55
43, 56
43, 119
43, 107
43, 110
43, 117
43, 108
43, 110
43, 56
43, 53
44, 55
44, 106
44, 54
44, 164
44, 54
44, 118
44, 221
44, 54
44, 62
44, 106
45, 53
45, 110
45, 53
45, 60
45, 55
45, 108
45, 55
45, 110
45, 54
45, 61
45, 57
45, 166
45, 54
46, 64
46, 58
46, 55
46, 61
46, 54
46, 56
46, 54
46, 54
46, 54
46, 61
46, 115
46, 52
46, 111
46, 52
46, 54
46, 55
47, 54
47, 55
47, 53
47, 53
47, 53
47, 54
47, 55
47, 63
47, 53
47, 56
47, 56
47, 54
47, 55
47, 53
47, 63
47, 59
47, 57
47, 53
48, 109
48, 165
48, 55
48, 109
48, 107
48, 54
48, 63
48, 53
48, 56
48, 55
48, 53
48, 53
49, 117
49, 54
49, 54
49, 54
49, 103
49, 112
49, 57
49, 53
49, 174
49, 52
49, 54
49, 54
49, 53
49, 54
50, 108
50, 60
50, 54
50, 59
50, 53
50, 52
50, 51
50, 107
50, 54
50, 58
50, 53
50, 55
50, 53
50, 54
50, 54
50, 52
50, 60
51, 52
51, 159
51, 157
51, 253
51, 59
51, 56
51, 110
51, 116
51, 52
52, 53
52, 55
52, 54
52, 51
52, 57
52, 52
52, 52
52, 54
52, 54
52, 109
52, 55
52, 54
52, 107
52, 53
52, 106
53, 53
53, 63
53, 53
53, 55
53, 53
53, 55
53, 52
53, 55
53, 59
53, 55
53, 55
53, 56
53, 54
53, 172
53, 52
53, 107
54, 55
54, 54
54, 54
54, 54
54, 59
54, 55
54, 55
54, 54
54, 55
54, 114
54, 113
54, 59
54, 56
54, 111
54, 54
55, 61
55, 54
55, 113
55, 56
55, 53
55, 53
55, 57
55, 54
55, 54
55, 108
55, 107
55, 53
55, 59
55, 54
55, 55
56, 54
56, 54
56, 56
56, 170
56, 55
56, 229
56, 135
56, 114
56, 57
56, 53
57, 116
57, 138
57, 54
57, 56
57, 55
57, 118
57, 56
57, 61
57, 55
57, 57
57, 109
57, 112
58, 64
58, 163
58, 55
58, 109
58, 57
58, 68
58, 54
58, 57
58, 57
58, 56
58, 56
58, 54
58, 64
58, 115
59, 55
59, 165
59, 63
59, 54
59, 53
59, 57
59, 55
59, 55
59, 116
59, 59
59, 81
59, 57
59, 55
59, 55
60, 111
60, 75
60, 111
60, 70
60, 56
60, 56
60, 54
60, 64
60, 54
60, 54
60, 56
60, 53
60, 110
61, 121
61, 56
61, 59
61, 55
61, 111
61, 53
61, 110
61, 55
61, 54
61, 52
61, 98
61, 64
61, 64
61, 55
61, 57
62, 53
62, 110
62, 56
62, 116
62, 165
62, 109
62, 120
62, 55
62, 55
62, 54
62, 58
63, 118
63, 62
63, 55
63, 56
63, 55
63, 62
63, 54
63, 51
63, 60
63, 55
63, 54
63, 53
63, 55
63, 55
63, 111
63, 52
63, 52
64, 56
64, 107
64, 56
64, 53
64, 53
64, 55
64, 55
64, 54
64, 52
64, 54
64, 111
64, 107
64, 57
64, 52
64, 79
65, 52
65, 59
65, 54
65, 54
65, 51
65, 55
65, 54
65, 50
65, 57
65, 54
65, 56
65, 55
65, 106
65, 53
65, 52
65, 113
65, 52
66, 55
66, 53
66, 104
66, 58
66, 53
66, 53
66, 53
66, 52
66, 53
66, 53
66, 61
66, 52
66, 52
66, 53
66, 154
67, 53
67, 53
67, 55
67, 53
67, 106
67, 51
67, 106
67, 52
67, 58
67, 54
67, 53
67, 51
67, 53
67, 53
67, 53
67, 59
67, 58
68, 53
68, 56
68, 107
68, 53
68, 65
68, 52
68, 52
68, 53
68, 161
68, 54
68, 63
68, 56
68, 55
68, 52
68, 52
69, 54
69, 53
69, 57
69, 104
69, 52
69, 53
69, 52
69, 112
69, 106
69, 105
69, 54
69, 52
69, 107
69, 53
70, 53
70, 59
70, 106
70, 51
70, 58
70, 52
70, 53
70, 53
70, 53
70, 53
70, 54
70, 59
70, 53
70, 59
70, 54
70, 53
70, 53
71, 108
71, 136
71, 59
71, 124
71, 54
71, 52
71, 58
71, 55
71, 56
71, 62
71, 56
71, 112
71, 62
71, 56
72, 53
72, 56
72, 56
72, 114
72, 117
72, 54
72, 224
72, 55
72, 56
72, 56
72, 113
73, 55
73, 53
73, 57
73, 118
73, 54
73, 209
73, 61
73, 67
73, 62
73, 55
73, 56
73, 55
73, 109
74, 55
74, 64
74, 55
74, 54
74, 165
74, 55
74, 55
74, 65
74, 226
74, 54
74, 56
74, 118
75, 57
75, 167
75, 65
75, 65
75, 56
75, 57
75, 57
75, 55
75, 55
75, 55
75, 56
75, 57
75, 55
75, 55
75, 54
76, 60
76, 58
76, 56
76, 63
76, 54
76, 54
76, 55
76, 53
76, 56
76, 56
76, 63
76, 112
76, 58
76, 55
76, 56
76, 115
77, 61
77, 164
77, 56
77, 280
77, 116
77, 121
77, 63
77, 56
77, 55
77, 56
78, 56
78, 54
78, 56
78, 64
78, 55
78, 57
78, 54
78, 57
78, 55
78, 58
78, 56
78, 58
78, 57
78, 53
78, 55
78, 107
79, 55
79, 63
79, 145
79, 59
79, 74
79, 54
79, 112
79, 64
79, 171
79, 57
79, 58
79, 117
80, 57
80, 112
80, 54
80, 57
80, 54
80, 57
80, 73
80, 55
80, 121
80, 57
80, 55
80, 173
80, 56
81, 54
81, 57
81, 53
81, 119
81, 55
81, 53
81, 55
81, 164
81, 55
81, 56
81, 114
81, 56
81, 56
81, 58
82, 169
82, 55
82, 55
82, 57
82, 54
82, 121
82, 55
82, 56
82, 108
82, 53
82, 52
82, 62
82, 58
82, 52
83, 52
83, 55
83, 54
83, 107
83, 59
83, 54
83, 53
83, 52
83, 53
83, 106
83, 60
83, 168
83, 53
83, 54
84, 54
84, 59
84, 56
84, 53
84, 53
84, 107
84, 52
84, 51
84, 53
84, 52
84, 94
84, 60
84, 142
84, 52
85, 117
85, 54
85, 57
85, 56
85, 54
85, 122
85, 110
85, 56
85, 134
85, 55
85, 63
85, 112
85, 64
86, 108
86, 55
86, 56
86, 62
86, 55
86, 56
86, 55
86, 117
86, 55
86, 64
86, 55
86, 55
86, 56
86, 56
86, 116
87, 62
87, 57
87, 55
87, 55
87, 55
87, 56
87, 165
87, 60
87, 53
87, 110
87, 54
87, 55
87, 62
87, 55
87, 55
88, 56
88, 122
88, 54
88, 63
88, 56
88, 56
88, 63
88, 112
88, 55
88, 119
88, 112
88, 54
88, 55
89, 61
89, 55
89, 118
89, 56
89, 165
89, 54
89, 62
89, 55
89, 55
89, 60
89, 56
89, 54
89, 53
89, 63
89, 57
90, 174
90, 299
90, 105
90, 53
90, 53
90, 90
90, 140
90, 53
90, 54
91, 54
91, 162
91, 58
91, 58
91, 53
91, 54
91, 52
91, 54
91, 53
91, 59
91, 52
91, 53
91, 53
91, 53
91, 52
92, 106
92, 57
92, 109
92, 51
92, 53
92, 56
92, 111
92, 161
92, 55
92, 51
92, 114
92, 53
92, 53
93, 111
93, 53
93, 53
93, 51
93, 54
93, 54
93, 55
93, 54
93, 53
93, 54
93, 52
93, 60
93, 158
93, 53
93, 54
94, 114
94, 105
94, 106
94, 58
94, 57
94, 61
94, 54
94, 53
94, 54
94, 56
94, 55
94, 53
94, 58
94, 60
94, 107
95, 55
95, 55
95, 55
95, 54
95, 122
95, 54
95, 57
95, 161
95, 119
95, 56
95, 171
96, 75
96, 55
96, 55
96, 55
96, 54
96, 57
96, 52
96, 53
96, 225
96, 53
96, 54
96, 53
96, 53
96, 55
96, 59
96, 55
97, 55
97, 56
97, 55
97, 53
97, 53
97, 59
97, 55
97, 53
97, 54
97, 54
97, 54
97, 56
97, 52
97, 61
97, 58
97, 55
97, 53
97, 55
98, 56
98, 54
98, 61
98, 109
98, 108
98, 54
98, 53
98, 123
98, 57
98, 105
98, 109
98, 60
99, 218
99, 56
99, 54
99, 55
99, 60
99, 54
99, 109
99, 53
99, 55
99, 125
99, 218
100, 53
100, 55
100, 118
100, 56
100, 53
100, 55
100, 57
100, 54
100, 57
100, 170
100, 109
100, 54
100, 55
100, 63
101, 107
101, 54
101, 55
101, 54
101, 55
101, 114
101, 54
101, 109
101, 55
101, 56
101, 55
101, 57
101, 55
101, 56
102, 140
102, 142
102, 139
102, 211
102, 134
102, 169
103, 138
103, 143
103, 58
103, 55
103, 51
103, 52
103, 104
103, 53
103, 110
103, 58
103, 58
103, 53
103, 59
103, 54
103, 54
104, 60
104, 104
104, 52
104, 51
104, 54
104, 53
104, 59
104, 53
104, 54
104, 104
104, 53
104, 53
104, 60
104, 58
104, 53
104, 54
104, 52
105, 52
105, 54
105, 53
105, 103
105, 56
105, 104
105, 54
105, 110
105, 57
105, 54
105, 54
105, 53
105, 51
105, 60
105, 58
106, 106
106, 106
106, 53
106, 55
106, 58
106, 218
106, 53
106, 109
106, 61
106, 51
106, 53
107, 277
107, 53
107, 51
107, 52
107, 52
107, 106
107, 58
107, 52
107, 57
107, 54
107, 54
107, 107
107, 52
107, 55
108, 52
108, 53
108, 52
108, 52
108, 53
108, 54
108, 60
108, 160
108, 53
108, 53
108, 54
108, 59
108, 158
108, 53
108, 52
109, 112
109, 55
109, 52
109, 54
109, 51
109, 54
109, 54
109, 52
109, 57
109, 54
109, 54
109, 57
109, 163
109, 59
109, 52
110, 52
110, 54
110, 52
110, 107
110, 58
110, 56
110, 53
110, 61
110, 119
110, 57
110, 55
110, 56
110, 55
110, 56
110, 53
110, 55
111, 54
111, 117
111, 57
111, 55
111, 56
111, 111
111, 56
111, 66
111, 110
111, 118
111, 59
111, 121
112, 54
112, 55
112, 55
112, 54
112, 55
112, 54
112, 54
112, 60
112, 55
112, 55
112, 55
112, 56
112, 120
112, 175
112, 56
113, 120
113, 118
113, 110
113, 60
113, 54
113, 54
113, 55
113, 58
113, 112
113, 53
113, 54
113, 56
113, 54
113, 56
114, 62
114, 114
114, 54
114, 56
114, 56
114, 108
114, 63
114, 166
114, 165
114, 62
114, 57
114, 54
115, 55
115, 110
115, 110
115, 62
115, 117
115, 58
115, 55
115, 56
115, 55
115, 62
115, 54
115, 111
115, 56
116, 55
116, 228
116, 57
116, 166
116, 56
116, 117
116, 56
116, 58
116, 110
116, 56
117, 119
117, 112
117, 58
117, 56
117, 221
117, 107
117, 54
117, 55
117, 60
117, 52
117, 111
117, 56
118, 105
118, 54
118, 60
118, 55
118, 54
118, 109
118, 56
118, 55
118, 61
118, 54
118, 55
118, 54
118, 53
118, 108
118, 61
119, 56
119, 73
119, 96
119, 56
119, 55
119, 162
119, 56
119, 109
119, 55
119, 53
119, 55
119, 62
119, 54
119, 53
120, 58
120, 53
120, 107
120, 62
120, 58
120, 108
120, 54
120, 56
120, 53
120, 123
120, 54
120, 56
120, 53
120, 57
121, 107
121, 116
121, 55
121, 55
121, 53
121, 110
121, 57
121, 55
121, 54
121, 106
121, 105
121, 56
121, 53
121, 53
121, 52
122, 54
122, 59
122, 53
122, 53
122, 52
122, 53
122, 107
122, 52
122, 166
122, 53
122, 55
122, 54
122, 54
122, 53
123, 114
123, 108
123, 53
123, 52
123, 52
123, 164
123, 61
123, 163
123, 53
123, 112
123, 52
123, 51
124, 55
124, 54
124, 106
124, 61
124, 51
124, 63
124, 56
124, 54
124, 54
124, 254
124, 56
124, 55
124, 107
125, 108
125, 55
125, 120
125, 164
125, 63
125, 60
125, 54
125, 56
125, 53
125, 55
125, 169
125, 53
126, 56
126, 108
126, 53
126, 61
126, 110
126, 109
126, 53
126, 54
126, 55
126, 61
126, 55
126, 53
126, 57
126, 54
126, 54
127, 118
127, 53
127, 55
127, 111
127, 166
127, 108
127, 54
127, 52
127, 56
127, 55
127, 53
127, 55
127, 51
128, 111
128, 52
128, 52
128, 55
128, 113
128, 59
128, 55
128, 55
128, 111
128, 62
128, 54
128, 55
128, 55
128, 55
128, 53
129, 119
129, 215
129, 59
129, 53
129, 54
129, 62
129, 55
129, 58
129, 55
129, 55
129, 54
129, 53
129, 60
129, 56
130, 53
130, 55
130, 58
130, 54
130, 57
130, 115
130, 54
130, 55
130, 53
130, 60
130, 55
130, 54
130, 54
130, 59
130, 56
130, 106
131, 55
131, 53
131, 112
131, 55
131, 54
131, 56
131, 55
131, 54
131, 60
131, 56
131, 55
131, 55
131, 53
131, 117
131, 63
132, 96
132, 67
132, 54
132, 57
132, 54
132, 53
132, 228
132, 55
132, 54
132, 54
132, 112
132, 67
132, 54
132, 54
133, 109
133, 53
133, 54
133, 170
133, 59
133, 161
133, 52
133, 56
133, 55
133, 54
133, 57
133, 54
133, 55
134, 55
134, 63
134, 54
134, 158
134, 52
134, 55
134, 65
134, 111
134, 107
134, 55
134, 53
134, 61
134, 54
134, 54
135, 56
135, 55
135, 55
135, 115
135, 59
135, 54
135, 54
135, 54
135, 54
135, 54
135, 54
135, 60
135, 54
135, 56
135, 164
136, 55
136, 62
136, 53
136, 108
136, 107
136, 166
136, 56
136, 55
136, 113
136, 53
136, 57
136, 62
136, 58
137, 61
137, 59
137, 56
137, 56
137, 130
137, 63
137, 56
137, 111
137, 55
137, 56
137, 56
137, 62
137, 56
137, 57
137, 53
138, 54
138, 56
138, 55
138, 54
138, 63
138, 56
138, 109
138, 54
138, 175
138, 111
138, 56
138, 111
139, 178
139, 56
139, 168
139, 111
139, 55
139, 54
139, 57
139, 60
139, 55
139, 54
139, 119
139, 55
139, 55
140, 56
140, 55
140, 70
140, 55
140, 62
140, 55
140, 221
140, 179
140, 54
140, 166
141, 110
141, 72
141, 55
141, 53
141, 52
141, 55
141, 169
141, 52
141, 55
141, 53
141, 54
141, 108
141, 59
141, 52
142, 57
142, 53
142, 53
142, 54
142, 107
142, 53
142, 107
142, 53
142, 53
142, 54
142, 170
142, 54
142, 110
143, 128
143, 77
143, 115
143, 53
143, 56
143, 55
143, 51
143, 54
143, 68
143, 66
143, 55
143, 54
143, 61
143, 56
143, 54
143, 54
144, 63
144, 54
144, 54
144, 53
144, 53
144, 53
144, 52
144, 59
144, 108
144, 53
144, 56
144, 53
144, 56
144, 62
144, 55
144, 53
144, 53
145, 54
145, 55
145, 52
145, 53
145, 56
145, 55
145, 54
145, 56
145, 56
145, 58
145, 55
145, 117
145, 55
145, 164
145, 54
146, 58
146, 56
146, 56
146, 54
146, 112
146, 55
146, 60
146, 55
146, 54
146, 54
146, 52
146, 148
146, 113
147, 106
147, 54
147, 52
147, 54
147, 53
147, 58
147, 108
147, 53
147, 55
147, 54
147, 54
147, 59
147, 53
147, 165
147, 53
147, 54
148, 53
148, 54
148, 53
148, 51
148, 52
148, 53
148, 53
148, 52
148, 101
148, 53
148, 55
148, 53
148, 107
148, 53
148, 60
148, 56
149, 108
149, 52
149, 55
149, 55
149, 221
149, 54
149, 159
149, 60
149, 161
149, 107
150, 60
150, 58
150, 107
150, 53
150, 53
150, 53
150, 54
150, 113
150, 105
150, 108
150, 111
150, 110
151, 54
151, 53
151, 107
151, 53
151, 58
151, 273
151, 53
151, 64
151, 55
151, 57
151, 166
152, 56
152, 64
152, 111
152, 54
152, 54
152, 58
152, 56
152, 118
152, 111
152, 58
152, 59
152, 54
152, 55
152, 63
152, 55
153, 56
153, 56
153, 56
153, 59
153, 56
153, 61
153, 55
153, 55
153, 61
153, 177
153, 55
153, 56
153, 53
153, 57
153, 54
154, 55
154, 54
154, 53
154, 62
154, 54
154, 55
154, 58
154, 55
154, 55
154, 54
154, 65
154, 56
154, 109
155, 386
155, 64
155, 53
155, 54
155, 53
155, 55
155, 56
155, 55
155, 124
155, 55
155, 57
155, 55
155, 54
155, 119
156, 60
156, 56
156, 57
156, 109
156, 55
156, 172
156, 64
156, 54
156, 55
156, 55
156, 110
156, 55
156, 57
157, 61
157, 54
157, 59
157, 55
157, 119
157, 106
157, 51
157, 54
157, 53
157, 60
157, 111
157, 55
157, 53
157, 105
158, 113
158, 51
158, 107
158, 53
158, 52
158, 53
158, 58
158, 159
158, 53
158, 111
158, 62
158, 54
158, 54
158, 55
159, 52
159, 54
159, 109
159, 53
159, 53
159, 54
159, 53
159, 54
159, 51
159, 53
159, 111
159, 165
159, 57
160, 112
160, 53
160, 109
160, 51
160, 54
160, 53
160, 220
160, 159
160, 115
160, 155
161, 61
161, 89
161, 75
161, 57
161, 52
161, 63
161, 52
161, 108
161, 55
161, 107
161, 110
161, 107
161, 54
162, 52
162, 52
162, 60
162, 107
162, 102
162, 160
162, 53
162, 54
162, 53
162, 54
162, 52
162, 108
162, 59
163, 160
163, 54
163, 52
163, 67
163, 57
163, 53
163, 53
163, 54
163, 54
163, 54
163, 115
163, 53
163, 51
163, 106
163, 58
164, 54
164, 52
164, 58
164, 52
164, 52
164, 106
164, 54
164, 111
164, 53
164, 104
164, 53
164, 53
164, 52
164, 112
165, 113
165, 76
165, 53
165, 52
165, 52
165, 56
165, 53
165, 56
165, 58
165, 56
165, 55
165, 117
165, 54
165, 54
165, 56
165, 55
166, 54
166, 55
166, 155
166, 111
166, 54
166, 76
166, 107
166, 59
166, 55
166, 56
166, 55
166, 55
166, 51
166, 56
167, 55
167, 268
167, 156
167, 62
167, 62
167, 130
167, 54
167, 64
167, 56
167, 59
168, 159
168, 60
168, 64
168, 53
168, 74
168, 54
168, 67
168, 53
168, 70
168, 57
168, 68
168, 53
168, 71
168, 53
168, 71
168, 55
169, 75
169, 54
169, 54
169, 52
169, 53
169, 57
169, 55
169, 64
169, 52
169, 53
169, 55
169, 56
169, 53
169, 54
169, 64
169, 111
170, 54
170, 58
170, 229
170, 53
170, 54
170, 55
170, 56
170, 55
170, 55
170, 119
170, 111
170, 110
171, 116
171, 54
171, 208
171, 95
171, 58
171, 54
171, 59
171, 163
171, 56
172, 229
172, 56
172, 113
172, 55
172, 55
172, 177
172, 56
172, 55
172, 53
172, 62
172, 125
172, 59
172, 56
173, 110
173, 53
173, 278
173, 52
173, 55
173, 56
173, 57
173, 62
173, 59
173, 56
173, 112
173, 56
174, 122
174, 55
174, 57
174, 68
174, 134
174, 56
174, 55
174, 54
174, 55
174, 55
174, 55
174, 55
174, 105
175, 111
175, 53
175, 81
175, 106
175, 55
175, 53
175, 61
175, 52
175, 54
175, 186
175, 55
175, 122
175, 55
176, 55
176, 53
176, 54
176, 56
176, 113
176, 54
176, 57
176, 52
176, 54
176, 58
176, 54
176, 332
177, 56
177, 88
177, 75
177, 65
177, 90
177, 59
177, 54
177, 109
177, 56
177, 53
177, 109
177, 53
177, 56
177, 113
178, 56
178, 61
178, 108
178, 109
178, 53
178, 57
178, 59
178, 54
178, 63
178, 56
178, 55
178, 116
178, 66
178, 55
179, 57
179, 60
179, 54
179, 55
179, 57
179, 54
179, 61
179, 52
179, 53
179, 54
179, 53
179, 52
179, 54
179, 117
179, 56
179, 57
179, 54
180, 54
180, 55
180, 62
180, 54
180, 56
180, 56
180, 54
180, 54
180, 70
180, 52
180, 55
180, 55
180, 55
180, 59
180, 55
180, 55
180, 55
180, 76
181, 74
181, 119
181, 235
181, 109
181, 59
181, 54
181, 54
181, 53
181, 63
182, 216
182, 163
182, 60
182, 107
182, 54
182, 55
182, 107
182, 114
182, 55
182, 112
182, 54
182, 55
183, 62
183, 119
183, 61
183, 113
183, 54
183, 56
183, 55
183, 52
183, 53
183, 52
183, 109
183, 53
183, 51
183, 61
183, 54
184, 53
184, 53
184, 167
184, 59
184, 52
184, 53
184, 52
184, 52
184, 55
184, 164
184, 53
184, 53
184, 51
184, 52
185, 103
185, 59
185, 52
185, 56
185, 53
185, 51
185, 107
185, 58
185, 56
185, 108
185, 55
185, 53
185, 137
185, 61
185, 56
186, 54
186, 110
186, 106
186, 53
186, 53
186, 54
186, 55
186, 55
186, 51
186, 103
186, 58
186, 54
186, 58
186, 54
186, 53
187, 52
187, 52
187, 57
187, 52
187, 52
187, 55
187, 53
187, 53
187, 54
187, 165
187, 53
187, 162
187, 54
187, 59
188, 163
188, 55
188, 54
188, 164
188, 52
188, 55
188, 53
188, 52
188, 57
188, 113
188, 54
188, 53
188, 107
189, 52
189, 52
189, 53
189, 109
189, 52
189, 54
189, 53
189, 52
189, 60
189, 166
189, 53
189, 106
189, 57
189, 52
189, 54
190, 55
190, 53
190, 58
190, 52
190, 111
190, 162
190, 54
190, 53
190, 113
190, 52
190, 106
190, 53
190, 52
191, 56
191, 59
191, 107
191, 111
191, 59
191, 56
191, 62
191, 55
191, 54
191, 56
191, 55
191, 55
191, 54
191, 56
191, 112
192, 57
192, 56
192, 58
192, 65
192, 119
192, 112
192, 167
192, 57
192, 118
192, 61
192, 57
193, 111
193, 55
193, 114
193, 109
193, 55
193, 56
193, 54
193, 57
193, 62
193, 53
193, 52
193, 53
193, 108
193, 57
194, 120
194, 53
194, 57
194, 83
194, 55
194, 55
194, 65
194, 55
194, 57
194, 112
194, 56
194, 56
194, 56
194, 56
194, 56
195, 115
195, 111
195, 116
195, 59
195, 55
195, 54
195, 57
195, 53
195, 55
195, 63
195, 57
195, 58
195, 165
195, 55
196, 63
196, 61
196, 54
196, 65
196, 55
196, 54
196, 55
196, 55
196, 63
196, 57
196, 108
196, 111
196, 57
196, 63
196, 55
196, 54
197, 55
197, 54
197, 170
197, 54
197, 51
197, 53
197, 53
197, 54
197, 53
197, 55
197, 54
197, 280
198, 52
198, 59
198, 109
198, 52
198, 53
198, 54
198, 54
198, 61
198, 109
198, 54
198, 110
198, 54
198, 170
199, 55
199, 215
199, 60
199, 56
199, 55
199, 110
199, 108
199, 168
199, 54
199, 54
199, 56
200, 112
200, 54
200, 109
200, 108
200, 54
200, 106
200, 53
200, 53
200, 105
200, 54
200, 54
200, 61
200, 52
200, 53
201, 59
201, 56
201, 53
201, 53
201, 56
201, 53
201, 105
201, 108
201, 52
201, 111
201, 54
201, 161
201, 54
202, 109
202, 54
202, 52
202, 55
202, 56
202, 54
202, 57
202, 62
202, 118
202, 113
202, 57
202, 56
202, 119
202, 58
203, 56
203, 54
203, 107
203, 61
203, 55
203, 54
203, 55
203, 54
203, 58
203, 55
203, 57
203, 66
203, 55
203, 109
203, 56
203, 55
204, 119
204, 119
204, 54
204, 54
204, 174
204, 59
204, 128
204, 108
204, 61
204, 64
204, 56
205, 120
205, 55
205, 52
205, 53
205, 56
205, 56
205, 64
205, 59
205, 55
205, 110
205, 56
205, 56
205, 61
205, 109
206, 55
206, 56
206, 55
206, 56
206, 55
206, 54
206, 108
206, 55
206, 54
206, 113
206, 63
206, 62
206, 57
206, 57
206, 56
206, 56
207, 55
207, 62
207, 55
207, 54
207, 111
207, 54
207, 54
207, 64
207, 60
207, 113
207, 55
207, 54
207, 111
207, 62
208, 110
208, 56
208, 55
208, 112
208, 114
208, 55
208, 66
208, 68
208, 53
208, 55
208, 167
208, 53
208, 106
209, 53
209, 54
209, 55
209, 52
209, 51
209, 53
209, 160
209, 59
209, 53
209, 52
209, 52
209, 52
209, 54
209, 113
210, 108
210, 54
210, 55
210, 53
210, 55
210, 61
210, 56
210, 53
210, 55
210, 56
210, 56
210, 110
210, 63
210, 110
210, 54
210, 58
211, 54
211, 119
211, 56
211, 54
211, 56
211, 55
211, 54
211, 119
211, 54
211, 53
211, 56
211, 54
211, 58
211, 54
211, 57
211, 56
212, 55
212, 56
212, 109
212, 54
212, 53
212, 64
212, 56
212, 56
212, 58
212, 55
212, 55
212, 58
212, 67
212, 110
213, 124
213, 111
213, 63
213, 55
213, 54
213, 54
213, 55
213, 56
213, 56
213, 56
213, 63
213, 109
213, 110
213, 53
214, 118
214, 54
214, 53
214, 55
214, 109
214, 58
214, 117
214, 57
214, 112
214, 54
214, 56
214, 56
214, 62
214, 55
214, 55
215, 54
215, 59
215, 172
215, 54
215, 54
215, 54
215, 149
215, 58
215, 117
215, 55
215, 112
215, 56
216, 54
216, 66
216, 57
216, 57
216, 53
216, 167
216, 57
216, 62
216, 54
216, 163
216, 55
216, 55
216, 62
217, 108
217, 56
217, 55
217, 54
217, 56
217, 69
217, 54
217, 113
217, 54
217, 54
217, 110
217, 56
217, 55
217, 55
217, 109
218, 57
218, 56
218, 121
218, 51
218, 56
218, 55
218, 55
218, 55
218, 122
218, 56
218, 56
218, 55
218, 110
219, 119
219, 54
219, 59
219, 56
219, 57
219, 54
219, 117
219, 116
219, 55
219, 53
219, 112
219, 62
219, 57
219, 106
220, 56
220, 55
220, 55
220, 61
220, 216
220, 57
220, 108
220, 56
220, 55
220, 55
220, 54
220, 111
220, 56
221, 118
221, 53
221, 53
221, 82
221, 55
221, 56
221, 62
221, 56
221, 56
221, 111
221, 53
221, 174
222, 111
222, 111
222, 54
222, 54
222, 63
222, 111
222, 56
222, 57
222, 107
222, 62
222, 111
222, 55
222, 57
222, 53
223, 118
223, 168
223, 179
223, 56
223, 56
223, 56
223, 223
223, 59
223, 63
223, 55
224, 110
224, 116
224, 56
224, 120
224, 56
224, 56
224, 165
224, 62
224, 55
224, 54
224, 112
225, 56
225, 60
225, 56
225, 93
225, 59
225, 62
225, 54
225, 54
225, 57
225, 53
225, 64
225, 56
225, 55
225, 56
225, 56
225, 55
225, 56
226, 62
226, 56
226, 53
226, 114
226, 111
226, 74
226, 110
226, 54
226, 56
226, 59
226, 111
226, 62
226, 57
226, 58
227, 55
227, 108
227, 55
227, 62
227, 57
227, 53
227, 54
227, 56
227, 54
227, 56
227, 63
227, 54
227, 56
227, 55
227, 54
227, 56
227, 56
228, 55
228, 62
228, 113
228, 56
228, 55
228, 56
228, 54
228, 63
228, 55
228, 56
228, 54
228, 114
228, 56
228, 63
228, 55
229, 56
229, 111
229, 56
229, 54
229, 55
229, 56
229, 56
229, 149
229, 58
229, 56
229, 55
229, 65
229, 56
229, 55
229, 55
230, 118
230, 55
230, 65
230, 57
230, 55
230, 56
230, 54
230, 57
230, 61
230, 69
230, 109
230, 54
230, 54
230, 166
231, 117
231, 55
231, 54
231, 55
231, 107
231, 62
231, 108
231, 54
231, 59
231, 55
231, 53
231, 61
231, 55
231, 55
231, 54
232, 54
232, 55
232, 55
232, 216
232, 57
232, 54
232, 56
232, 113
232, 54
232, 54
232, 54
232, 105
232, 54
233, 59
233, 155
233, 240
233, 53
233, 128
233, 67
233, 53
233, 71
233, 53
233, 56
233, 56
234, 54
234, 244
234, 121
234, 68
234, 53
234, 81
234, 53
234, 61
234, 54
234, 70
234, 53
234, 71
235, 124
235, 52
235, 55
235, 221
235, 54
235, 63
235, 55
235, 56
235, 109
235, 57
235, 63
235, 56
236, 112
236, 227
236, 111
236, 57
236, 57
236, 56
236, 54
236, 117
236, 56
236, 109
236, 119
237, 56
237, 63
237, 112
237, 108
237, 53
237, 54
237, 62
237, 55
237, 110
237, 56
237, 56
237, 55
237, 64
237, 54
237, 54
238, 58
238, 56
238, 56
238, 55
238, 55
238, 55
238, 54
238, 54
238, 56
238, 114
238, 56
238, 62
238, 111
238, 115
239, 110
239, 64
239, 58
239, 219
239, 57
239, 61
239, 54
239, 56
239, 55
239, 63
239, 55
239, 110
239, 62
240, 54
240, 54
240, 55
240, 52
240, 53
240, 118
240, 53
240, 54
240, 54
240, 56
240, 53
240, 55
240, 61
240, 54
240, 56
240, 54
240, 53
241, 55
241, 55
241, 54
241, 54
241, 55
241, 54
241, 52
241, 55
241, 54
241, 55
241, 60
241, 224
241, 55
241, 56
242, 114
242, 110
242, 55
242, 53
242, 116
242, 56
242, 105
242, 56
242, 153
242, 62
242, 87
242, 79
243, 54
243, 57
243, 52
243, 53
243, 52
243, 113
243, 54
243, 55
243, 105
243, 53
243, 56
243, 111
243, 110
243, 56
243, 55
244, 67
244, 53
244, 55
244, 53
244, 54
244, 51
244, 56
244, 55
244, 56
244, 62
244, 111
244, 55
244, 53
244, 110
244, 60
244, 55
245, 54
245, 109
245, 53
245, 53
245, 61
245, 109
245, 110
245, 54
245, 54
245, 56
245, 60
245, 110
245, 61
246, 132
246, 53
246, 59
246, 107
246, 56
246, 57
246, 55
246, 54
246, 59
246, 164
246, 162
246, 54
247, 54
247, 57
247, 114
247, 52
247, 52
247, 117
247, 55
247, 54
247, 54
247, 55
247, 53
247, 54
247, 169
247, 53
247, 57
248, 52
248, 55
248, 60
248, 53
248, 54
248, 106
248, 54
248, 54
248, 53
248, 116
248, 105
248, 56
248, 54
248, 55
248, 61
249, 61
249, 58
249, 57
249, 58
249, 57
249, 118
249, 54
249, 55
249, 108
249, 54
249, 55
249, 58
249, 56
249, 54
249, 58
250, 55
250, 56
250, 54
250, 54
250, 116
250, 55
250, 56
250, 56
250, 55
250, 56
250, 64
250, 53
250, 56
250, 54
250, 54
250, 56
250, 54
251, 229
251, 54
251, 56
251, 59
251, 229
251, 106
251, 54
251, 56
251, 62
251, 54
252, 108
252, 56
252, 55
252, 52
252, 63
252, 54
252, 55
252, 113
252, 56
252, 55
252, 57
252, 54
252, 55
252, 58
252, 55
252, 55
252, 54
253, 55
253, 64
253, 54
253, 56
253, 53
253, 56
253, 53
253, 54
253, 177
253, 111
253, 110
253, 64
253, 55
253, 54
254, 55
254, 56
254, 54
254, 56
254, 54
254, 62
254, 56
254, 56
254, 110
254, 55
254, 55
254, 64
254, 113
254, 54
254, 57
254, 57
255, 55
255, 63
255, 57
255, 56
255, 53
255, 53
255, 55
255, 110
255, 58
255, 56
255, 53
255, 112
255, 56
255, 118
256, 111
256, 55
256, 56
256, 59
256, 59
256, 63
256, 58
256, 55
256, 110
256, 62
256, 58
256, 118
256, 56
256, 56
256, 55
257, 111
257, 289
257, 166
257, 61
257, 56
257, 56
257, 56
257, 54
257, 56
257, 57
258, 63
258, 118
258, 54
258, 110
258, 55
258, 54
258, 55
258, 52
258, 213
258, 54
258, 61
258, 54
258, 54
259, 111
259, 167
259, 52
259, 54
259, 110
259, 52
259, 53
259, 57
259, 52
259, 160
259, 51
259, 55
259, 57
260, 112
260, 109
260, 53
260, 54
260, 55
260, 60
260, 52
260, 53
260, 51
260, 55
260, 53
260, 169
260, 52
261, 106
261, 105
261, 55
261, 106
261, 52
261, 53
261, 56
261, 165
261, 52
261, 54
261, 53
261, 52
261, 54
261, 55
261, 61
262, 107
262, 56
262, 52
262, 57
262, 53
262, 174
262, 56
262, 56
262, 110
262, 119
262, 56
262, 54
262, 55
263, 54
263, 56
263, 55
263, 63
263, 54
263, 57
263, 55
263, 112
263, 115
263, 110
263, 57
263, 55
263, 54
263, 56
263, 55
264, 59
264, 58
264, 110
264, 55
264, 54
264, 60
264, 60
264, 54
264, 57
264, 110
264, 58
264, 60
264, 60
264, 111
265, 68
265, 55
265, 55
265, 55
265, 61
265, 56
265, 54
265, 54
265, 108
265, 57
265, 56
265, 64
265, 56
265, 56
265, 106
265, 53
266, 51
266, 59
266, 54
266, 106
266, 52
266, 57
266, 51
266, 61
266, 52
266, 57
266, 55
266, 125
266, 55
266, 52
266, 53
267, 107
267, 52
267, 53
267, 106
267, 57
267, 56
267, 160
267, 51
267, 52
267, 116
267, 54
267, 104
267, 51
267, 54
268, 62
268, 52
268, 54
268, 56
268, 56
268, 53
268, 55
268, 156
268, 65
268, 98
268, 81
268, 107
268, 55
269, 111
269, 53
269, 52
269, 51
269, 117
269, 51
269, 61
269, 53
269, 55
269, 57
269, 53
269, 52
269, 52
269, 55
269, 107
269, 53
270, 53
270, 54
270, 53
270, 57
270, 61
270, 55
270, 52
270, 51
270, 55
270, 53
270, 52
270, 62
270, 53
270, 54
270, 55
270, 53
270, 55
271, 113
271, 53
271, 105
271, 52
271, 52
271, 53
271, 53
271, 57
271, 53
271, 55
271, 56
271, 56
271, 111
271, 64
271, 53
271, 88
272, 112
272, 54
272, 54
272, 56
272, 54
272, 54
272, 57
272, 57
272, 55
272, 110
272, 112
272, 56
272, 54
272, 61
272, 55
273, 119
273, 109
273, 56
273, 57
273, 53
273, 57
273, 64
273, 57
273, 56
273, 109
273, 172
273, 56
273, 54
274, 63
274, 111
274, 56
274, 56
274, 66
274, 109
274, 57
274, 110
274, 174
274, 111
274, 55
275, 56
275, 58
275, 64
275, 56
275, 54
275, 55
275, 57
275, 118
275, 166
275, 54
275, 54
275, 55
275, 56
275, 56
275, 64
276, 120
276, 55
276, 53
276, 62
276, 56
276, 62
276, 58
276, 67
276, 52
276, 56
276, 64
276, 63
276, 120
276, 54
276, 55
277, 54
277, 77
277, 55
277, 57
277, 64
277, 54
277, 55
277, 58
277, 59
277, 54
277, 66
277, 60
277, 57
277, 54
277, 52
277, 52
277, 55
278, 111
278, 55
278, 51
278, 53
278, 59
278, 113
278, 53
278, 109
278, 53
278, 53
278, 55
278, 53
278, 53
278, 168
279, 160
279, 52
279, 65
279, 55
279, 54
279, 54
279, 51
279, 51
279, 54
279, 58
279, 54
279, 55
279, 54
279, 55
279, 53
280, 168
280, 54
280, 56
280, 55
280, 55
280, 54
280, 117
280, 57
280, 54
280, 293
280, 55
280, 55
281, 111
281, 60
281, 56
281, 57
281, 63
281, 79
281, 186
281, 110
281, 57
281, 118
281, 55
282, 54
282, 56
282, 55
282, 118
282, 140
282, 56
282, 109
282, 55
282, 69
282, 57
282, 56
282, 55
282, 54
282, 114
283, 58
283, 123
283, 59
283, 110
283, 55
283, 54
283, 63
283, 109
283, 57
283, 110
283, 56
283, 117
284, 57
284, 59
284, 111
284, 54
284, 60
284, 54
284, 57
284, 54
284, 56
284, 55
284, 60
284, 56
284, 60
284, 54
284, 115
284, 55
285, 54
285, 117
285, 54
285, 164
285, 57
285, 57
285, 60
285, 112
285, 56
285, 54
285, 55
285, 113
285, 60
286, 52
286, 54
286, 159
286, 114
286, 106
286, 55
286, 56
286, 55
286, 53
286, 56
286, 164
286, 54
287, 54
287, 190
287, 166
287, 55
287, 52
287, 53
287, 51
287, 58
287, 108
287, 107
287, 108
288, 113
288, 56
288, 52
288, 53
288, 131
288, 60
288, 159
288, 378
289, 55
289, 53
289, 52
289, 54
289, 69
289, 61
289, 168
289, 56
289, 54
289, 53
289, 59
289, 60
289, 52
289, 53
289, 55
289, 51
290, 55
290, 53
290, 55
290, 53
290, 110
290, 54
290, 53
290, 53
290, 51
290, 116
290, 53
290, 53
290, 85
290, 56
290, 61
291, 58
291, 53
291, 55
291, 52
291, 54
291, 54
291, 52
291, 59
291, 52
291, 53
291, 54
291, 53
291, 54
291, 116
291, 58
291, 106
291, 54
292, 53
292, 52
292, 56
292, 151
292, 53
292, 84
292, 53
292, 108
292, 111
292, 54
292, 54
292, 53
292, 54
292, 57
293, 108
293, 113
293, 53
293, 52
293, 83
293, 52
293, 168
293, 55
293, 50
293, 55
293, 107
293, 61
293, 54
294, 55
294, 55
294, 54
294, 111
294, 58
294, 56
294, 52
294, 55
294, 55
294, 112
294, 55
294, 170
295, 166
295, 115
295, 53
295, 54
295, 54
295, 53
295, 53
295, 115
295, 53
295, 55
295, 58
295, 107
295, 55
295, 59
296, 107
296, 165
296, 169
296, 53
296, 56
296, 54
296, 54
296, 54
296, 54
296, 61
296, 52
296, 55
296, 54
297, 107
297, 54
297, 60
297, 105
297, 51
297, 55
297, 55
297, 54
297, 51
297, 62
297, 103
297, 54
297, 161
297, 59
298, 59
298, 106
298, 56
298, 53
298, 53
298, 58
298, 55
298, 109
298, 52
298, 53
298, 54
298, 54
298, 54
298, 106
298, 53
298, 54
299, 52
299, 148
299, 178
299, 129
299, 119
300, 448
