0, 64
0, 55
0, 47
0, 60
0, 55
0, 47
0, 56
0, 60
0, 47
0, 57
0, 56
0, 77
0, 48
0, 54
0, 53
0, 49
0, 57
0, 55
1, 37
1, 68
1, 55
1, 47
1, 63
1, 55
1, 47
1, 56
1, 55
1, 47
1, 49
1, 66
1, 53
1, 39
1, 70
1, 56
1, 47
1, 62
2, 56
2, 47
2, 54
2, 59
2, 47
2, 55
2, 55
2, 37
2, 68
2, 60
2, 56
2, 47
2, 56
2, 53
2, 48
2, 56
2, 57
2, 53
3, 97
3, 68
3, 47
3, 58
3, 56
3, 46
3, 55
3, 56
3, 60
3, 47
3, 57
3, 55
3, 47
3, 55
3, 54
3, 43
3, 59
3, 53
3, 37
4, 66
4, 56
4, 47
4, 55
4, 56
4, 47
4, 41
4, 68
4, 55
4, 37
4, 68
4, 55
4, 72
4, 59
4, 54
4, 47
4, 54
4, 55
5, 47
5, 54
5, 56
5, 47
5, 61
5, 60
5, 56
5, 62
5, 61
5, 55
5, 37
5, 69
5, 54
5, 47
5, 56
5, 58
5, 79
6, 67
6, 55
6, 38
6, 66
6, 56
6, 54
6, 47
6, 57
6, 79
6, 47
6, 59
6, 57
6, 35
6, 66
6, 55
6, 50
6, 57
6, 56
6, 49
7, 84
7, 53
7, 37
7, 51
7, 66
7, 54
7, 47
7, 60
7, 56
7, 78
7, 57
7, 58
7, 48
7, 55
7, 55
7, 47
7, 53
8, 57
8, 50
8, 59
8, 85
8, 54
8, 47
8, 103
8, 57
8, 47
8, 60
8, 57
8, 46
8, 62
8, 83
8, 47
8, 55
8, 56
9, 47
9, 59
9, 56
9, 55
9, 47
9, 56
9, 55
9, 47
9, 54
9, 81
9, 47
9, 56
9, 60
9, 49
9, 58
9, 56
9, 63
9, 68
10, 56
10, 47
10, 40
10, 71
10, 56
10, 47
10, 59
10, 89
10, 47
10, 64
10, 56
10, 47
10, 55
10, 57
10, 46
10, 57
10, 61
10, 40
11, 64
11, 55
11, 57
11, 47
11, 66
11, 65
11, 52
11, 55
11, 54
11, 49
11, 55
11, 55
11, 47
11, 80
11, 55
11, 50
11, 54
11, 52
12, 57
12, 48
12, 55
12, 54
12, 40
12, 63
12, 55
12, 49
12, 84
12, 56
12, 45
12, 55
12, 58
12, 48
12, 53
12, 57
12, 44
12, 51
13, 53
13, 57
13, 48
13, 55
13, 58
13, 75
13, 56
13, 55
13, 48
13, 54
13, 54
13, 49
13, 55
13, 54
13, 48
13, 60
13, 60
13, 58
14, 57
14, 53
14, 54
14, 49
14, 64
14, 55
14, 49
14, 53
14, 54
14, 49
14, 54
14, 54
14, 48
14, 55
14, 60
14, 55
14, 49
14, 81
15, 51
15, 49
15, 60
15, 54
15, 48
15, 53
15, 54
15, 49
15, 53
15, 54
15, 84
15, 52
15, 53
15, 49
15, 51
15, 53
15, 56
15, 46
16, 113
16, 68
16, 76
16, 53
16, 54
16, 48
16, 54
16, 55
16, 60
16, 56
16, 53
16, 52
16, 81
16, 57
16, 54
16, 84
17, 93
17, 54
17, 93
17, 90
17, 100
17, 79
17, 57
17, 55
17, 48
17, 55
17, 55
17, 46
17, 54
17, 53
17, 55
17, 50
18, 54
18, 52
18, 55
18, 106
18, 96
18, 64
18, 89
18, 69
18, 76
18, 56
18, 52
18, 49
18, 54
18, 53
18, 48
18, 51
19, 52
19, 55
19, 53
19, 56
19, 56
19, 48
19, 53
19, 64
19, 63
19, 75
19, 87
19, 53
19, 69
19, 55
19, 47
19, 53
19, 53
20, 81
20, 53
20, 55
20, 63
20, 47
20, 54
20, 61
20, 74
20, 52
20, 54
20, 51
20, 60
20, 93
20, 51
20, 55
20, 54
21, 54
21, 48
21, 56
21, 54
21, 47
21, 55
21, 55
21, 48
21, 55
21, 56
21, 48
21, 83
21, 59
21, 74
21, 55
21, 53
21, 50
21, 49
22, 69
22, 53
22, 49
22, 58
22, 56
22, 47
22, 57
22, 56
22, 47
22, 56
22, 57
22, 73
22, 65
22, 75
22, 79
22, 102
23, 56
23, 53
23, 50
23, 58
23, 55
23, 48
23, 55
23, 54
23, 48
23, 56
23, 74
23, 49
23, 63
23, 54
23, 47
23, 93
23, 57
23, 63
24, 46
24, 55
24, 87
24, 51
24, 55
24, 54
24, 50
24, 54
24, 57
24, 49
24, 55
24, 55
24, 49
24, 53
24, 55
24, 50
24, 55
24, 70
25, 72
25, 73
25, 80
25, 91
25, 51
25, 54
25, 54
25, 56
25, 52
25, 55
25, 49
25, 55
25, 64
25, 51
25, 52
25, 56
26, 56
26, 46
26, 67
26, 56
26, 49
26, 53
26, 55
26, 55
26, 55
26, 86
26, 48
26, 54
26, 64
26, 48
26, 58
26, 76
26, 54
26, 55
27, 55
27, 55
27, 52
27, 68
27, 73
27, 75
27, 90
27, 54
27, 48
27, 55
27, 54
27, 50
27, 62
27, 83
27, 49
27, 48
28, 56
28, 54
28, 49
28, 54
28, 56
28, 54
28, 53
28, 56
28, 48
28, 56
28, 54
28, 48
28, 62
28, 54
28, 67
28, 83
28, 55
28, 70
29, 49
29, 55
29, 55
29, 48
29, 54
29, 53
29, 48
29, 58
29, 75
29, 67
29, 75
29, 90
29, 47
29, 54
29, 53
29, 57
29, 50
30, 54
30, 54
30, 46
30, 53
30, 55
30, 48
30, 55
30, 59
30, 49
30, 54
30, 55
30, 49
30, 55
30, 62
30, 51
30, 51
30, 56
30, 55
30, 49
31, 55
31, 56
31, 46
31, 54
31, 54
31, 48
31, 55
31, 59
31, 46
31, 57
31, 63
31, 66
31, 58
31, 53
31, 55
31, 51
31, 55
32, 119
32, 61
32, 68
32, 55
32, 49
32, 53
32, 55
32, 48
32, 54
32, 57
32, 49
32, 57
32, 52
32, 84
32, 46
32, 56
32, 63
32, 57
33, 66
33, 69
33, 69
33, 53
33, 63
33, 49
33, 52
33, 54
33, 49
33, 72
33, 53
33, 49
33, 48
33, 55
33, 54
33, 49
33, 53
34, 53
34, 55
34, 56
34, 56
34, 48
34, 55
34, 54
34, 49
34, 57
34, 55
34, 48
34, 78
34, 54
34, 54
34, 47
34, 55
34, 55
34, 48
34, 55
35, 54
35, 83
35, 59
35, 62
35, 66
35, 75
35, 59
35, 49
35, 55
35, 53
35, 54
35, 49
35, 53
35, 56
35, 49
35, 55
35, 54
36, 48
36, 56
36, 55
36, 55
36, 55
36, 57
36, 55
36, 54
36, 56
36, 47
36, 48
36, 54
36, 63
36, 46
36, 61
36, 59
36, 48
36, 85
37, 56
37, 50
37, 58
37, 58
37, 50
37, 57
37, 56
37, 49
37, 79
37, 56
37, 62
37, 64
37, 77
37, 85
37, 51
37, 56
37, 58
38, 47
38, 53
38, 55
38, 51
38, 55
38, 54
38, 50
38, 55
38, 53
38, 55
38, 49
38, 55
38, 64
38, 49
38, 56
38, 56
38, 60
38, 55
39, 57
39, 49
39, 57
39, 58
39, 47
39, 54
39, 58
39, 77
39, 48
39, 55
39, 57
39, 53
39, 55
39, 53
39, 48
39, 59
39, 54
39, 49
40, 91
40, 55
40, 54
40, 57
40, 55
40, 79
40, 55
40, 55
40, 54
40, 51
40, 57
40, 56
40, 51
40, 54
40, 55
40, 55
40, 56
40, 55
41, 62
41, 55
41, 56
41, 48
41, 53
41, 54
41, 55
41, 50
41, 59
41, 56
41, 48
41, 60
41, 57
41, 47
41, 58
41, 70
41, 49
41, 55
42, 55
42, 56
42, 54
42, 54
42, 48
42, 51
42, 55
42, 55
42, 76
42, 58
42, 54
42, 49
42, 59
42, 55
42, 48
42, 58
42, 58
43, 76
43, 56
43, 54
43, 47
43, 57
43, 512
43, 99
43, 48
43, 82
44, 54
44, 57
44, 66
44, 189
44, 53
44, 164
44, 102
44, 53
44, 81
44, 173
45, 187
45, 53
45, 54
45, 56
45, 54
45, 55
45, 352
45, 48
45, 63
45, 55
46, 73
46, 212
46, 203
46, 66
46, 53
46, 54
46, 191
46, 56
46, 90
46, 67
47, 50
47, 56
47, 56
47, 77
47, 169
47, 53
47, 234
47, 54
47, 54
47, 52
48, 208
48, 164
48, 48
48, 58
48, 58
48, 75
48, 171
48, 58
48, 236
48, 48
49, 60
49, 56
49, 152
49, 57
49, 287
49, 248
49, 61
50, 282
50, 272
50, 55
50, 147
51, 455
51, 98
51, 100
51, 56
51, 72
51, 138
51, 92
51, 48
51, 57
51, 213
52, 57
52, 148
52, 92
52, 48
52, 56
52, 215
52, 53
52, 151
52, 89
52, 49
52, 49
53, 223
53, 62
53, 133
53, 99
53, 62
53, 51
53, 207
53, 60
54, 254
54, 55
54, 64
54, 176
54, 68
54, 139
54, 86
54, 55
54, 58
55, 214
55, 53
55, 149
55, 93
55, 49
55, 55
55, 216
55, 55
55, 146
55, 93
56, 47
56, 54
56, 194
56, 45
56, 57
56, 217
56, 56
56, 49
56, 187
56, 68
57, 266
57, 55
57, 261
57, 48
57, 258
57, 57
58, 128
58, 60
58, 55
58, 49
58, 56
58, 54
58, 49
58, 46
58, 60
58, 57
58, 71
58, 57
58, 56
58, 62
58, 56
58, 56
58, 54
58, 56
59, 55
59, 61
59, 55
59, 55
59, 60
59, 55
59, 55
59, 56
59, 73
59, 54
59, 56
59, 48
59, 56
59, 55
59, 46
59, 54
59, 55
59, 46
60, 53
60, 55
60, 49
60, 97
60, 55
60, 54
60, 47
60, 59
60, 58
60, 48
60, 55
60, 53
60, 49
60, 56
60, 57
60, 49
60, 53
60, 54
61, 67
61, 57
61, 59
61, 51
61, 47
61, 60
61, 60
61, 74
61, 55
61, 54
61, 49
61, 55
61, 58
61, 49
61, 56
61, 54
61, 48
61, 57
62, 54
62, 47
62, 58
62, 53
62, 56
62, 49
62, 57
62, 55
62, 60
62, 53
62, 58
62, 60
62, 55
62, 55
62, 46
62, 89
62, 55
63, 138
63, 53
63, 54
63, 58
63, 49
63, 54
63, 54
63, 48
63, 57
63, 57
63, 49
63, 54
63, 55
63, 48
63, 56
63, 60
63, 49
63, 66
64, 55
64, 55
64, 51
64, 56
64, 56
64, 48
64, 54
64, 57
64, 48
64, 56
64, 57
64, 51
64, 55
64, 54
64, 73
64, 55
64, 63
64, 49
65, 56
65, 60
65, 54
65, 72
65, 53
65, 56
65, 50
65, 57
65, 55
65, 49
65, 55
65, 53
65, 48
65, 55
65, 57
65, 49
65, 55
65, 55
66, 77
66, 48
66, 56
66, 53
66, 48
66, 60
66, 55
66, 47
66, 60
66, 54
66, 49
66, 86
66, 54
66, 50
66, 56
66, 53
66, 49
66, 49
67, 54
67, 56
67, 50
67, 55
67, 55
67, 50
67, 86
67, 53
67, 47
67, 56
67, 52
67, 48
67, 56
67, 54
67, 52
67, 93
67, 54
68, 54
68, 47
68, 53
68, 54
68, 52
68, 52
68, 81
68, 59
68, 55
68, 54
68, 48
68, 54
68, 52
68, 48
68, 55
68, 54
68, 54
68, 48
68, 51
69, 54
69, 49
69, 53
69, 54
69, 57
69, 55
69, 55
69, 77
69, 55
69, 56
69, 46
69, 58
69, 58
69, 50
69, 51
69, 53
69, 89
69, 49
70, 74
70, 55
70, 47
70, 82
70, 55
70, 54
70, 57
70, 56
70, 50
70, 52
70, 85
70, 49
70, 54
70, 56
70, 53
70, 50
70, 64
71, 54
71, 48
71, 84
71, 56
71, 56
71, 55
71, 54
71, 49
71, 55
71, 84
71, 48
71, 56
71, 59
71, 54
71, 48
71, 59
71, 54
72, 50
72, 86
72, 55
72, 51
72, 55
72, 58
72, 49
72, 55
72, 55
72, 48
72, 84
72, 61
72, 48
72, 49
72, 55
72, 55
72, 48
72, 53
73, 52
73, 49
73, 65
73, 56
73, 49
73, 77
73, 53
73, 49
73, 101
73, 54
73, 49
73, 54
73, 54
73, 53
73, 49
73, 55
73, 55
73, 47
74, 55
74, 55
74, 46
74, 62
74, 52
74, 74
74, 55
74, 53
74, 46
74, 55
74, 52
74, 53
74, 50
74, 54
74, 57
74, 46
74, 53
74, 55
75, 49
75, 57
75, 51
75, 48
75, 55
75, 52
75, 48
75, 57
75, 54
75, 48
75, 81
75, 54
75, 54
75, 49
75, 54
75, 53
75, 47
76, 138
76, 69
76, 48
76, 54
76, 54
76, 49
76, 51
76, 52
76, 49
76, 55
76, 54
76, 55
76, 47
76, 62
76, 53
76, 64
76, 54
76, 53
76, 48
77, 54
77, 68
77, 50
77, 53
77, 52
77, 51
77, 54
77, 53
77, 55
77, 46
77, 55
77, 54
77, 52
77, 79
77, 54
77, 48
77, 53
77, 53
78, 49
78, 61
78, 53
78, 47
78, 54
78, 52
78, 50
78, 49
78, 54
78, 52
78, 48
78, 56
78, 64
78, 49
78, 57
78, 54
78, 46
78, 86
79, 58
79, 49
79, 55
79, 56
79, 50
79, 63
79, 54
79, 53
79, 48
79, 52
79, 61
79, 64
79, 53
79, 55
79, 47
79, 53
79, 53
79, 54
79, 55
80, 54
80, 46
80, 53
80, 61
80, 84
80, 48
80, 54
80, 53
80, 47
80, 78
80, 53
80, 71
80, 53
80, 54
80, 49
80, 59
80, 53
81, 49
81, 53
81, 54
81, 59
81, 49
81, 54
81, 54
81, 76
81, 57
81, 55
81, 59
81, 50
81, 51
81, 54
81, 89
81, 53
81, 46
81, 55
82, 54
82, 94
82, 53
82, 61
82, 53
82, 51
82, 61
82, 54
82, 49
82, 54
82, 53
82, 48
82, 82
82, 54
82, 48
82, 52
82, 53
83, 60
83, 57
83, 54
83, 66
83, 63
83, 62
83, 56
83, 49
83, 53
83, 63
83, 49
83, 74
83, 53
83, 50
83, 53
83, 52
83, 62
83, 54
84, 56
84, 49
84, 48
84, 56
84, 55
84, 60
84, 79
84, 56
84, 48
84, 55
84, 53
84, 47
84, 53
84, 59
84, 48
84, 65
84, 55
84, 48
85, 55
85, 54
85, 55
85, 61
85, 56
85, 54
85, 48
85, 56
85, 78
85, 48
85, 76
85, 56
85, 47
85, 57
85, 54
85, 52
85, 55
85, 54
86, 55
86, 68
86, 56
86, 60
86, 48
86, 56
86, 54
86, 48
86, 60
86, 56
86, 48
86, 55
86, 87
86, 49
86, 58
86, 54
86, 51
86, 52
87, 56
87, 54
87, 52
87, 87
87, 56
87, 53
87, 55
87, 55
87, 81
87, 54
87, 56
87, 49
87, 55
87, 55
87, 48
87, 57
87, 56
88, 55
88, 50
88, 55
88, 53
88, 47
88, 55
88, 80
88, 48
88, 55
88, 54
88, 49
88, 59
88, 59
88, 48
88, 54
88, 66
88, 61
88, 47
89, 88
89, 52
89, 49
89, 54
89, 56
89, 46
89, 57
89, 55
89, 64
89, 56
89, 56
89, 50
89, 53
89, 54
89, 53
89, 47
89, 58
89, 52
90, 47
90, 54
90, 63
90, 77
90, 59
90, 53
90, 47
90, 64
90, 86
90, 54
90, 52
90, 52
90, 77
90, 55
90, 56
90, 52
90, 52
91, 60
91, 56
91, 47
91, 55
91, 53
91, 49
91, 66
91, 55
91, 47
91, 86
91, 54
91, 50
91, 57
91, 55
91, 58
91, 48
91, 55
91, 59
92, 71
92, 52
92, 56
92, 48
92, 54
92, 56
92, 51
92, 65
92, 53
92, 48
92, 70
92, 53
92, 48
92, 48
92, 54
92, 63
93, 133
93, 78
93, 57
93, 66
93, 82
93, 55
93, 46
93, 64
93, 81
93, 49
93, 55
93, 60
93, 50
93, 62
93, 57
93, 54
93, 49
94, 55
94, 53
94, 52
94, 83
94, 55
94, 48
94, 55
94, 56
94, 49
94, 55
94, 57
94, 48
94, 58
94, 87
94, 57
94, 48
94, 63
95, 64
95, 49
95, 56
95, 63
95, 47
95, 53
95, 59
95, 48
95, 58
95, 55
95, 54
95, 55
95, 86
95, 51
95, 48
95, 53
95, 54
95, 50
96, 55
96, 59
96, 47
96, 55
96, 57
96, 48
96, 85
96, 54
96, 48
96, 54
96, 58
96, 49
96, 54
96, 54
96, 56
96, 48
96, 55
96, 54
96, 48
97, 56
97, 54
97, 49
97, 55
97, 55
97, 49
97, 54
97, 53
97, 48
97, 53
97, 54
97, 54
97, 50
97, 56
97, 54
97, 63
97, 53
97, 55
98, 48
98, 51
98, 53
98, 51
98, 56
98, 55
98, 47
98, 55
98, 63
98, 48
98, 49
98, 55
98, 53
98, 46
98, 54
98, 54
98, 49
98, 53
98, 53
99, 65
99, 72
99, 53
99, 80
99, 55
99, 54
99, 51
99, 58
99, 56
99, 53
99, 50
99, 54
99, 56
99, 48
99, 54
99, 53
99, 47
99, 54
100, 83
100, 49
100, 56
100, 53
100, 46
100, 64
100, 54
100, 55
100, 48
100, 55
100, 54
100, 48
100, 55
100, 79
100, 47
100, 55
100, 71
100, 48
101, 56
101, 56
101, 47
101, 57
101, 56
101, 49
101, 66
101, 54
101, 54
101, 66
101, 55
101, 55
101, 48
101, 55
101, 90
101, 49
101, 55
102, 54
102, 50
102, 56
102, 86
102, 48
102, 54
102, 52
102, 55
102, 91
102, 57
102, 56
102, 48
102, 54
102, 71
102, 49
102, 54
102, 53
102, 46
103, 54
103, 57
103, 47
103, 78
103, 55
103, 55
103, 91
103, 58
103, 55
103, 47
103, 55
103, 79
103, 47
103, 72
103, 54
103, 48
103, 55
104, 56
104, 49
104, 55
104, 55
104, 47
104, 90
104, 59
104, 54
104, 47
104, 56
104, 94
104, 48
104, 60
104, 56
104, 50
104, 81
105, 57
105, 53
105, 55
105, 59
105, 92
105, 55
105, 56
105, 53
105, 54
105, 79
105, 57
105, 49
105, 55
105, 61
105, 69
105, 55
106, 145
106, 45
106, 71
106, 57
106, 61
106, 55
106, 56
106, 89
106, 49
106, 66
106, 54
106, 48
106, 91
106, 56
106, 49
106, 55
107, 53
107, 99
107, 56
107, 57
107, 48
107, 53
107, 55
107, 50
107, 49
107, 54
107, 53
107, 47
107, 85
107, 55
107, 47
107, 55
107, 62
107, 49
108, 56
108, 57
108, 48
108, 53
108, 55
108, 85
108, 55
108, 56
108, 54
108, 55
108, 59
108, 55
108, 47
108, 56
108, 55
108, 46
108, 52
108, 54
109, 49
109, 53
109, 77
109, 48
109, 59
109, 52
109, 54
109, 48
109, 54
109, 52
109, 49
109, 52
109, 54
109, 46
109, 54
109, 51
109, 56
109, 54
109, 52
110, 46
110, 55
110, 52
110, 53
110, 49
110, 53
110, 87
110, 49
110, 77
110, 54
110, 49
110, 53
110, 51
110, 86
110, 56
110, 54
110, 46
111, 54
111, 54
111, 70
111, 66
111, 57
111, 55
111, 46
111, 75
111, 55
111, 48
111, 53
111, 55
111, 48
111, 58
111, 55
111, 49
111, 53
111, 54
112, 57
112, 56
112, 56
112, 53
112, 49
112, 55
112, 69
112, 49
112, 57
112, 55
112, 48
112, 71
112, 56
112, 49
112, 54
112, 55
112, 48
112, 73
113, 57
113, 48
113, 49
113, 56
113, 66
113, 49
113, 56
113, 54
113, 47
113, 55
113, 54
113, 48
113, 56
113, 54
113, 46
113, 53
113, 87
113, 55
114, 55
114, 53
114, 52
114, 49
114, 56
114, 55
114, 48
114, 52
114, 54
114, 62
114, 54
114, 81
114, 82
114, 89
114, 54
114, 92
115, 92
115, 56
115, 55
115, 48
115, 54
115, 52
115, 45
115, 56
115, 54
115, 47
115, 52
115, 52
115, 47
115, 56
115, 56
115, 49
115, 91
115, 56
116, 49
116, 52
116, 54
116, 57
116, 49
116, 53
116, 61
116, 50
116, 54
116, 53
116, 47
116, 56
116, 56
116, 49
116, 55
116, 53
116, 48
116, 54
116, 65
117, 52
117, 48
117, 53
117, 53
117, 48
117, 65
117, 57
117, 83
117, 54
117, 56
117, 77
117, 56
117, 53
117, 49
117, 63
117, 67
117, 55
118, 48
118, 54
118, 56
118, 47
118, 57
118, 55
118, 46
118, 55
118, 53
118, 48
118, 83
118, 57
118, 48
118, 70
118, 57
118, 76
118, 55
119, 64
119, 65
119, 60
119, 55
119, 54
119, 47
119, 54
119, 54
119, 53
119, 55
119, 53
119, 48
119, 57
119, 57
119, 49
119, 54
119, 55
119, 55
120, 76
120, 56
120, 56
120, 48
120, 52
120, 52
120, 47
120, 55
120, 55
120, 50
120, 54
120, 54
120, 48
120, 54
120, 54
120, 59
120, 48
120, 53
120, 53
121, 49
121, 55
121, 82
121, 47
121, 54
121, 58
121, 49
121, 55
121, 55
121, 51
121, 60
121, 82
121, 48
121, 48
121, 55
121, 53
121, 48
121, 55
122, 55
122, 49
122, 53
122, 51
122, 49
122, 53
122, 55
122, 48
122, 53
122, 51
122, 53
122, 56
122, 90
122, 53
122, 48
122, 54
122, 55
122, 106
123, 56
123, 53
123, 49
123, 54
123, 52
123, 48
123, 54
123, 53
123, 77
123, 54
123, 55
123, 53
123, 52
123, 54
123, 55
123, 50
123, 53
123, 53
124, 49
124, 56
124, 55
124, 48
124, 52
124, 52
124, 56
124, 55
124, 55
124, 48
124, 48
124, 53
124, 53
124, 71
124, 54
124, 53
124, 50
124, 53
124, 54
125, 49
125, 54
125, 53
125, 48
125, 53
125, 52
125, 48
125, 56
125, 53
125, 54
125, 46
125, 55
125, 54
125, 55
125, 65
125, 67
125, 68
126, 87
126, 89
126, 51
126, 55
126, 55
126, 48
126, 53
126, 53
126, 52
126, 48
126, 63
126, 53
126, 49
126, 50
126, 64
126, 46
126, 54
126, 53
126, 49
127, 49
127, 52
127, 50
127, 53
127, 54
127, 49
127, 49
127, 57
127, 55
127, 49
127, 58
127, 57
127, 49
127, 52
127, 52
127, 48
127, 52
127, 52
127, 47
128, 53
128, 80
128, 49
128, 54
128, 53
128, 55
128, 47
128, 55
128, 54
128, 47
128, 53
128, 51
128, 48
128, 55
128, 54
128, 50
128, 54
128, 55
128, 49
129, 55
129, 55
129, 55
129, 49
129, 55
129, 54
129, 52
129, 59
129, 52
129, 49
129, 51
129, 55
129, 52
129, 58
129, 53
129, 46
129, 53
129, 59
129, 49
130, 49
130, 55
130, 54
130, 48
130, 53
130, 57
130, 48
130, 55
130, 54
130, 83
130, 55
130, 56
130, 49
130, 55
130, 54
130, 48
130, 54
130, 53
131, 56
131, 45
131, 55
131, 55
131, 85
131, 55
131, 53
131, 49
131, 55
131, 62
131, 48
131, 59
131, 53
131, 47
131, 56
131, 87
131, 53
131, 46
132, 56
132, 54
132, 49
132, 58
132, 55
132, 49
132, 57
132, 57
132, 72
132, 55
132, 57
132, 48
132, 55
132, 56
132, 50
132, 52
132, 56
133, 88
133, 49
133, 55
133, 54
133, 62
133, 97
133, 78
133, 83
133, 82
133, 55
133, 51
133, 54
133, 55
133, 51
133, 54
133, 54
134, 57
134, 49
134, 56
134, 53
134, 51
134, 57
134, 55
134, 47
134, 55
134, 53
134, 53
134, 57
134, 55
134, 48
134, 56
134, 53
134, 55
134, 127
135, 53
135, 54
135, 50
135, 55
135, 56
135, 48
135, 72
135, 52
135, 52
135, 57
135, 57
135, 78
135, 56
135, 53
135, 47
135, 50
135, 56
135, 54
136, 49
136, 56
136, 55
136, 49
136, 54
136, 57
136, 48
136, 52
136, 88
136, 48
136, 56
136, 53
136, 49
136, 57
136, 58
136, 91
136, 47
137, 55
137, 54
137, 50
137, 56
137, 58
137, 82
137, 56
137, 54
137, 49
137, 53
137, 55
137, 49
137, 55
137, 55
137, 57
137, 47
137, 56
137, 54
138, 49
138, 56
138, 58
138, 49
138, 56
138, 54
138, 50
138, 53
138, 69
138, 49
138, 54
138, 54
138, 52
138, 95
138, 54
138, 54
138, 50
138, 55
139, 53
139, 49
139, 52
139, 55
139, 49
139, 54
139, 55
139, 46
139, 51
139, 54
139, 81
139, 57
139, 51
139, 54
139, 46
139, 55
139, 53
139, 48
139, 53
140, 52
140, 47
140, 54
140, 54
140, 49
140, 54
140, 52
140, 49
140, 54
140, 55
140, 59
140, 48
140, 90
140, 54
140, 50
140, 53
140, 53
140, 47
141, 69
141, 73
141, 118
141, 80
141, 53
141, 49
141, 56
141, 72
141, 47
141, 48
141, 55
141, 56
141, 48
141, 54
141, 54
141, 53
141, 56
142, 56
142, 51
142, 56
142, 55
142, 48
142, 55
142, 57
142, 48
142, 56
142, 54
142, 55
142, 49
142, 56
142, 54
142, 47
142, 54
142, 55
142, 48
143, 54
143, 56
143, 48
143, 56
143, 54
143, 48
143, 55
143, 54
143, 54
143, 68
143, 54
143, 61
143, 51
143, 51
143, 54
143, 50
143, 55
143, 53
143, 49
144, 54
144, 55
144, 49
144, 54
144, 56
144, 49
144, 45
144, 53
144, 55
144, 47
144, 56
144, 53
144, 49
144, 56
144, 64
144, 53
144, 74
144, 53
144, 47
145, 54
145, 55
145, 48
145, 55
145, 53
145, 56
145, 48
145, 56
145, 53
145, 50
145, 91
145, 55
145, 68
145, 81
145, 53
145, 49
145, 54
146, 53
146, 53
146, 54
146, 57
146, 53
146, 51
146, 55
146, 56
146, 49
146, 52
146, 63
146, 49
146, 56
146, 56
146, 46
146, 55
146, 55
146, 49
146, 56
147, 56
147, 48
147, 51
147, 55
147, 55
147, 50
147, 65
147, 85
147, 49
147, 59
147, 56
147, 50
147, 54
147, 56
147, 82
147, 56
147, 54
148, 47
148, 53
148, 53
148, 56
148, 49
148, 57
148, 55
148, 48
148, 54
148, 55
148, 50
148, 56
148, 81
148, 48
148, 59
148, 53
148, 59
148, 86
149, 55
149, 56
149, 49
149, 57
149, 54
149, 51
149, 57
149, 55
149, 72
149, 57
149, 53
149, 46
149, 57
149, 57
149, 47
149, 54
149, 52
149, 50
150, 50
150, 56
150, 54
150, 82
150, 54
150, 55
150, 48
150, 55
150, 56
150, 48
150, 56
150, 55
150, 49
150, 56
150, 55
150, 49
150, 57
150, 55
151, 78
151, 47
151, 55
151, 55
151, 47
151, 54
151, 55
151, 48
151, 53
151, 54
151, 48
151, 54
151, 55
151, 48
151, 55
151, 54
151, 54
151, 49
151, 55
152, 83
152, 61
152, 54
152, 55
152, 47
152, 91
152, 57
152, 56
152, 56
152, 56
152, 48
152, 54
152, 55
152, 41
152, 51
152, 58
153, 131
153, 40
153, 61
153, 54
153, 50
153, 53
153, 59
153, 43
153, 62
153, 55
153, 43
153, 62
153, 57
153, 48
153, 83
153, 54
153, 54
153, 62
154, 54
154, 56
154, 40
154, 90
154, 55
154, 49
154, 55
154, 54
154, 47
154, 61
154, 56
154, 47
154, 55
154, 66
154, 72
154, 86
154, 76
155, 56
155, 48
155, 54
155, 58
155, 48
155, 53
155, 56
155, 48
155, 53
155, 61
155, 46
155, 57
155, 54
155, 48
155, 49
155, 55
155, 55
155, 42
156, 62
156, 51
156, 47
156, 55
156, 54
156, 48
156, 55
156, 54
156, 44
156, 59
156, 55
156, 46
156, 57
156, 52
156, 54
156, 47
156, 52
156, 52
156, 46
156, 57
157, 54
157, 49
157, 61
157, 54
157, 45
157, 57
157, 54
157, 47
157, 58
157, 57
157, 54
157, 47
157, 56
157, 55
157, 60
157, 55
157, 53
157, 48
158, 54
158, 55
158, 34
158, 69
158, 55
158, 46
158, 59
158, 51
158, 48
158, 49
158, 55
158, 55
158, 46
158, 59
158, 57
158, 39
158, 63
158, 56
158, 47
159, 56
159, 54
159, 50
159, 53
159, 54
159, 48
159, 54
159, 55
159, 55
159, 44
159, 72
159, 53
159, 48
159, 55
159, 55
159, 53
159, 56
159, 89
159, 49
160, 55
160, 54
160, 48
160, 55
160, 56
160, 65
160, 46
160, 53
160, 55
160, 71
160, 55
160, 55
160, 46
160, 54
160, 53
160, 37
160, 67
160, 57
161, 45
161, 56
161, 54
161, 48
161, 48
161, 56
161, 54
161, 69
161, 52
161, 57
161, 47
161, 56
161, 53
161, 49
161, 67
161, 55
161, 48
161, 54
162, 54
162, 46
162, 55
162, 55
162, 54
162, 50
162, 55
162, 58
162, 48
162, 54
162, 57
162, 47
162, 56
162, 76
162, 54
162, 56
162, 53
162, 49
162, 54
163, 52
163, 56
163, 49
163, 89
163, 55
163, 48
163, 55
163, 55
163, 47
163, 81
163, 55
163, 47
163, 69
163, 51
163, 47
163, 55
163, 52
163, 47
164, 48
164, 52
164, 57
164, 46
164, 57
164, 57
164, 50
164, 54
164, 59
164, 46
164, 54
164, 54
164, 52
164, 57
164, 70
164, 56
164, 77
165, 91
165, 89
165, 76
165, 56
165, 54
165, 47
165, 57
165, 55
165, 37
165, 84
165, 54
165, 50
165, 55
165, 55
165, 47
165, 57
165, 55
166, 56
166, 47
166, 57
166, 56
166, 47
166, 81
166, 54
166, 47
166, 59
166, 55
166, 53
166, 67
166, 54
166, 46
166, 77
166, 55
166, 47
166, 49
167, 54
167, 55
167, 50
167, 53
167, 53
167, 49
167, 55
167, 55
167, 47
167, 56
167, 66
167, 53
167, 69
167, 55
167, 49
167, 54
167, 56
167, 53
167, 49
168, 55
168, 55
168, 38
168, 62
168, 55
168, 47
168, 57
168, 52
168, 42
168, 63
168, 56
168, 80
168, 54
168, 53
168, 55
168, 34
168, 69
168, 53
169, 50
169, 53
169, 55
169, 47
169, 56
169, 55
169, 78
169, 55
169, 58
169, 50
169, 58
169, 52
169, 46
169, 49
169, 54
169, 55
169, 47
169, 52
169, 53
170, 47
170, 59
170, 54
170, 47
170, 56
170, 52
170, 63
170, 67
170, 55
170, 47
170, 53
170, 54
170, 57
170, 48
170, 54
170, 55
170, 47
170, 59
171, 53
171, 82
171, 53
171, 53
171, 47
171, 54
171, 53
171, 51
171, 55
171, 61
171, 54
171, 47
171, 58
171, 66
171, 48
171, 53
171, 54
171, 47
172, 55
172, 54
172, 46
172, 54
172, 54
172, 48
172, 55
172, 53
172, 48
172, 46
172, 54
172, 51
172, 52
172, 54
172, 53
172, 49
172, 66
172, 52
172, 48
173, 54
173, 55
173, 52
173, 55
173, 55
173, 48
173, 55
173, 53
173, 54
173, 48
173, 88
173, 55
173, 48
173, 55
173, 61
173, 49
173, 53
173, 56
173, 48
174, 87
174, 55
174, 49
174, 57
174, 57
174, 56
174, 49
174, 87
174, 58
174, 46
174, 57
174, 57
174, 43
174, 60
174, 57
174, 47
174, 56
175, 55
175, 49
175, 54
175, 56
175, 48
175, 47
175, 58
175, 56
175, 48
175, 55
175, 56
175, 47
175, 56
175, 60
175, 67
175, 83
175, 89
176, 55
176, 54
176, 57
176, 47
176, 67
176, 53
176, 57
176, 39
176, 65
176, 88
176, 50
176, 57
176, 59
176, 48
176, 55
176, 55
176, 73
176, 56
177, 62
177, 47
177, 59
177, 64
177, 58
177, 47
177, 60
177, 57
177, 45
177, 61
177, 56
177, 50
177, 55
177, 56
177, 48
177, 56
177, 54
177, 46
178, 57
178, 55
178, 47
178, 39
178, 69
178, 54
178, 47
178, 59
178, 54
178, 47
178, 64
178, 56
178, 49
178, 55
178, 55
178, 46
178, 56
178, 55
178, 47
179, 57
179, 60
179, 56
179, 47
179, 66
179, 55
179, 45
179, 55
179, 85
179, 47
179, 306
180, 303
180, 47
180, 225
180, 54
180, 145
180, 96
180, 54
180, 54
181, 205
181, 53
181, 157
181, 88
181, 53
181, 56
181, 206
181, 52
181, 164
181, 82
182, 54
182, 53
182, 214
182, 53
182, 157
182, 84
182, 46
182, 54
182, 249
183, 267
183, 58
183, 55
183, 196
183, 64
183, 155
183, 84
183, 53
183, 56
184, 200
184, 66
184, 157
184, 78
184, 60
184, 54
184, 215
184, 48
184, 158
185, 90
185, 47
185, 58
185, 214
185, 31
185, 174
185, 94
185, 47
185, 242
185, 55
186, 251
186, 69
186, 258
186, 53
186, 162
186, 59
186, 55
186, 47
187, 56
187, 56
187, 47
187, 57
187, 55
187, 47
187, 72
187, 56
187, 47
187, 56
187, 55
187, 47
187, 38
187, 66
187, 56
187, 47
187, 64
187, 55
187, 63
188, 65
188, 55
188, 47
188, 57
188, 56
188, 47
188, 58
188, 54
188, 47
188, 55
188, 57
188, 56
188, 53
188, 55
188, 76
188, 47
188, 55
188, 55
189, 47
189, 55
189, 54
189, 47
189, 58
189, 58
189, 47
189, 55
189, 54
189, 54
189, 48
189, 85
189, 54
189, 48
189, 56
189, 56
189, 47
189, 60
190, 54
190, 32
190, 70
190, 54
190, 47
190, 56
190, 80
190, 48
190, 47
190, 57
190, 57
190, 47
190, 58
190, 55
190, 47
190, 55
190, 56
190, 44
190, 61
191, 53
191, 47
191, 56
191, 55
191, 62
191, 67
191, 53
191, 55
191, 47
191, 61
191, 62
191, 75
191, 54
191, 57
191, 48
191, 57
191, 56
192, 47
192, 58
192, 56
192, 47
192, 59
192, 84
192, 54
192, 47
192, 68
192, 84
192, 47
192, 57
192, 55
192, 47
192, 53
192, 55
192, 47
192, 55
193, 55
193, 47
193, 58
193, 59
193, 47
193, 71
193, 65
193, 57
193, 47
193, 59
193, 56
193, 47
193, 58
193, 55
193, 63
193, 70
193, 55
193, 32
194, 73
194, 56
194, 47
194, 56
194, 55
194, 56
194, 47
194, 89
194, 53
194, 47
194, 58
194, 55
194, 47
194, 55
194, 55
194, 47
194, 58
194, 56
195, 47
195, 57
195, 82
195, 58
195, 37
195, 68
195, 55
195, 79
195, 59
195, 56
195, 47
195, 56
195, 57
195, 58
195, 73
196, 347
196, 38
196, 61
196, 78
196, 47
196, 40
196, 65
196, 54
196, 47
196, 54
196, 52
196, 47
196, 54
196, 55
196, 47
197, 53
197, 54
197, 47
197, 54
197, 55
197, 31
197, 71
197, 54
197, 56
197, 47
197, 55
197, 56
197, 47
197, 57
197, 52
197, 47
197, 53
197, 85
197, 47
198, 56
198, 52
198, 47
198, 55
198, 54
198, 53
198, 47
198, 54
198, 54
198, 47
198, 57
198, 54
198, 47
198, 57
198, 52
198, 49
198, 54
198, 55
198, 37
199, 66
199, 50
199, 47
199, 39
199, 61
199, 53
199, 47
199, 57
199, 54
199, 47
199, 90
199, 56
199, 49
199, 55
199, 52
199, 48
199, 54
199, 54
199, 48
200, 56
200, 55
200, 54
200, 47
200, 56
200, 55
200, 47
200, 54
200, 54
200, 47
200, 83
200, 52
200, 46
200, 52
200, 55
200, 47
200, 56
200, 55
201, 57
201, 47
201, 62
201, 87
201, 31
201, 73
201, 55
201, 47
201, 57
201, 55
201, 52
201, 54
201, 87
201, 38
201, 67
201, 56
201, 47
201, 46
202, 66
202, 91
202, 37
202, 64
202, 56
202, 47
202, 58
202, 57
202, 47
202, 58
202, 55
202, 47
202, 87
202, 55
202, 31
202, 71
202, 54
203, 57
203, 47
203, 57
203, 55
203, 79
203, 58
203, 56
203, 48
203, 55
203, 54
203, 44
203, 61
203, 57
203, 47
203, 57
203, 56
203, 62
203, 47
204, 60
204, 54
204, 48
204, 56
204, 56
204, 49
204, 55
204, 58
204, 48
204, 57
204, 93
204, 48
204, 56
204, 54
204, 51
204, 57
204, 57
204, 56
205, 46
205, 89
205, 56
205, 41
205, 69
205, 56
205, 73
205, 60
205, 56
205, 47
205, 55
205, 56
205, 55
205, 59
205, 55
205, 80
205, 40
206, 65
206, 56
206, 47
206, 58
206, 57
206, 47
206, 60
206, 83
206, 47
206, 59
206, 52
206, 38
206, 67
206, 81
206, 75
206, 93
207, 101
207, 57
207, 47
207, 58
207, 57
207, 49
207, 55
207, 87
207, 37
207, 68
207, 55
207, 46
207, 56
207, 54
207, 47
207, 58
207, 59
208, 57
208, 37
208, 69
208, 75
208, 93
208, 55
208, 55
208, 35
208, 77
208, 61
208, 49
208, 56
208, 54
208, 48
208, 57
208, 81
208, 54
209, 47
209, 54
209, 56
209, 47
209, 62
209, 54
209, 47
209, 55
209, 56
209, 47
209, 64
209, 55
209, 36
209, 68
209, 55
209, 66
209, 78
209, 68
210, 54
210, 47
210, 61
210, 56
210, 47
210, 56
210, 55
210, 78
210, 54
210, 56
210, 47
210, 57
210, 56
210, 51
210, 49
210, 54
210, 55
210, 47
211, 60
211, 57
211, 47
211, 55
211, 54
211, 44
211, 66
211, 54
211, 47
211, 55
211, 73
211, 47
211, 56
211, 56
211, 54
211, 46
211, 56
211, 58
211, 47
212, 87
212, 55
212, 47
212, 55
212, 54
212, 47
212, 53
212, 55
212, 47
212, 58
212, 56
212, 54
212, 48
212, 55
212, 55
212, 50
212, 108
213, 53
213, 66
213, 58
213, 54
213, 47
213, 55
213, 53
213, 31
213, 69
213, 56
213, 47
213, 38
213, 66
213, 53
213, 48
213, 54
213, 54
213, 47
213, 51
214, 55
214, 47
214, 62
214, 55
214, 47
214, 55
214, 55
214, 47
214, 55
214, 82
214, 54
214, 47
214, 55
214, 55
214, 47
214, 58
214, 52
214, 37
214, 66
215, 55
215, 78
215, 57
215, 55
215, 51
215, 53
215, 53
215, 54
215, 44
215, 56
215, 53
215, 49
215, 54
215, 68
215, 49
215, 54
215, 55
215, 47
216, 54
216, 56
216, 55
216, 64
216, 57
216, 48
216, 48
216, 56
216, 53
216, 49
216, 56
216, 56
216, 48
216, 65
216, 73
216, 78
216, 83
217, 54
217, 48
217, 53
217, 54
217, 49
217, 55
217, 53
217, 56
217, 47
217, 56
217, 57
217, 38
217, 68
217, 55
217, 49
217, 54
217, 57
217, 46
218, 79
218, 54
218, 49
218, 55
218, 55
218, 54
218, 48
218, 59
218, 56
218, 62
218, 69
218, 54
218, 37
218, 68
218, 67
218, 39
218, 95
218, 53
219, 47
219, 60
219, 56
219, 47
219, 38
219, 69
219, 56
219, 47
219, 57
219, 84
219, 47
219, 56
219, 56
219, 46
219, 57
219, 52
219, 47
219, 57
220, 58
220, 49
220, 55
220, 56
220, 54
220, 46
220, 58
220, 54
220, 49
220, 54
220, 73
220, 47
220, 56
220, 55
220, 48
220, 54
220, 59
220, 51
220, 50
221, 54
221, 54
221, 47
221, 58
221, 85
221, 48
221, 54
221, 54
221, 38
221, 67
221, 56
221, 43
221, 59
221, 56
221, 51
221, 87
221, 55
222, 47
222, 47
222, 71
222, 87
222, 40
222, 68
222, 54
222, 49
222, 57
222, 55
222, 48
222, 54
222, 87
222, 48
222, 56
222, 55
222, 47
222, 51
223, 55
223, 55
223, 44
223, 63
223, 52
223, 123
223, 54
223, 165
223, 150
223, 131
224, 134
224, 49
224, 111
224, 137
224, 79
224, 86
224, 53
224, 54
224, 48
224, 56
224, 54
224, 47
224, 53
224, 56
224, 51
224, 54
225, 53
225, 55
225, 55
225, 58
225, 52
225, 66
225, 55
225, 47
225, 40
225, 64
225, 55
225, 47
225, 54
225, 54
225, 51
225, 54
225, 114
226, 47
226, 88
226, 61
226, 47
226, 58
226, 55
226, 47
226, 58
226, 57
226, 56
226, 62
226, 58
226, 56
226, 48
226, 56
226, 55
226, 48
226, 54
227, 57
227, 46
227, 67
227, 55
227, 31
227, 70
227, 55
227, 56
227, 47
227, 58
227, 56
227, 47
227, 56
227, 62
227, 48
227, 56
227, 55
227, 55
228, 57
228, 55
228, 47
228, 56
228, 84
228, 47
228, 42
228, 67
228, 59
228, 47
228, 59
228, 56
228, 49
228, 85
228, 55
228, 31
228, 71
228, 56
229, 47
229, 58
229, 64
229, 47
229, 57
229, 55
229, 74
229, 38
229, 65
229, 57
229, 46
229, 62
229, 55
229, 67
229, 69
229, 57
229, 63
230, 61
230, 78
230, 47
230, 57
230, 56
230, 55
230, 68
230, 71
230, 55
230, 47
230, 55
230, 56
230, 47
230, 55
230, 54
230, 47
230, 54
230, 52
231, 47
231, 55
231, 60
231, 47
231, 39
231, 60
231, 56
231, 47
231, 64
231, 53
231, 47
231, 58
231, 54
231, 66
231, 55
231, 55
231, 48
231, 54
231, 56
232, 47
232, 58
232, 57
232, 61
232, 78
232, 69
232, 55
232, 47
232, 61
232, 56
232, 47
232, 58
232, 69
232, 47
232, 55
232, 56
232, 47
233, 59
233, 58
233, 56
233, 46
233, 56
233, 54
233, 63
233, 63
233, 58
233, 32
233, 75
233, 63
233, 58
233, 53
233, 55
233, 48
233, 54
233, 55
233, 31
234, 53
234, 146
234, 55
234, 47
234, 56
234, 54
234, 63
234, 61
234, 56
234, 32
234, 80
234, 57
234, 48
234, 54
234, 55
234, 47
235, 55
235, 57
235, 56
235, 37
235, 64
235, 54
235, 47
235, 86
235, 56
235, 47
235, 55
235, 55
235, 52
235, 56
235, 55
235, 49
235, 53
235, 55
236, 80
236, 47
236, 61
236, 54
236, 37
236, 66
236, 61
236, 47
236, 56
236, 54
236, 31
236, 70
236, 53
236, 48
236, 54
236, 80
236, 47
236, 37
237, 67
237, 53
237, 47
237, 57
237, 54
237, 47
237, 56
237, 54
237, 47
237, 54
237, 55
237, 47
237, 54
237, 54
237, 48
237, 54
237, 54
237, 55
237, 79
238, 55
238, 52
238, 47
238, 55
238, 55
238, 47
238, 54
238, 54
238, 47
238, 56
238, 54
238, 47
238, 56
238, 52
238, 56
238, 50
238, 55
238, 58
238, 47
239, 59
239, 56
239, 47
239, 84
239, 58
239, 47
239, 54
239, 55
239, 46
239, 57
239, 54
239, 46
239, 54
239, 56
239, 54
239, 47
239, 82
239, 52
240, 47
240, 54
240, 58
240, 78
240, 65
240, 53
240, 47
240, 58
240, 56
240, 47
240, 55
240, 55
240, 54
240, 51
240, 51
240, 54
240, 83
240, 53
241, 55
241, 47
241, 54
241, 54
241, 47
241, 54
241, 52
241, 47
241, 53
241, 52
241, 55
241, 47
241, 54
241, 54
241, 48
241, 52
241, 54
241, 49
241, 63
242, 55
242, 37
242, 67
242, 53
242, 47
242, 56
242, 56
242, 47
242, 41
242, 65
242, 55
242, 37
242, 89
242, 54
242, 47
242, 59
242, 107
242, 31
243, 69
243, 58
243, 37
243, 66
243, 55
243, 47
243, 54
243, 58
243, 56
243, 47
243, 56
243, 55
243, 45
243, 57
243, 53
243, 47
243, 54
243, 53
243, 31
244, 70
244, 54
244, 47
244, 54
244, 52
244, 54
244, 47
244, 55
244, 54
244, 47
244, 54
244, 56
244, 47
244, 56
244, 53
244, 32
244, 70
244, 55
244, 47
245, 58
245, 55
245, 47
245, 42
245, 66
245, 53
245, 47
245, 56
245, 53
245, 47
245, 58
245, 56
245, 51
245, 54
245, 54
245, 47
245, 55
245, 75
246, 47
246, 57
246, 55
246, 59
246, 78
246, 63
246, 54
246, 47
246, 57
246, 54
246, 47
246, 61
246, 53
246, 50
246, 54
246, 85
246, 48
246, 53
247, 54
247, 55
247, 47
247, 57
247, 55
247, 47
247, 58
247, 56
247, 78
247, 57
247, 54
247, 47
247, 65
247, 66
247, 47
247, 51
247, 53
247, 34
248, 51
248, 98
248, 54
248, 47
248, 56
248, 56
248, 47
248, 62
248, 55
248, 31
248, 73
248, 54
248, 48
248, 54
248, 54
248, 48
248, 79
248, 53
249, 58
249, 46
249, 57
249, 53
249, 47
249, 63
249, 55
249, 62
249, 66
249, 57
249, 47
249, 84
249, 54
249, 31
249, 67
249, 55
249, 54
249, 46
250, 56
250, 54
250, 47
250, 56
250, 63
250, 47
250, 57
250, 55
250, 47
250, 56
250, 57
250, 47
250, 60
250, 55
250, 37
250, 52
250, 64
250, 56
250, 32
251, 70
251, 56
251, 47
251, 55
251, 56
251, 47
251, 55
251, 58
251, 47
251, 56
251, 56
251, 47
251, 54
251, 58
251, 56
251, 44
251, 63
251, 54
252, 47
252, 58
252, 56
252, 41
252, 64
252, 82
252, 47
252, 55
252, 54
252, 47
252, 54
252, 55
252, 52
252, 49
252, 52
252, 53
252, 34
252, 69
252, 54
253, 50
253, 55
253, 53
253, 47
253, 62
253, 53
253, 47
253, 83
253, 55
253, 47
253, 37
253, 67
253, 54
253, 47
253, 53
253, 51
253, 49
253, 54
254, 54
254, 47
254, 58
254, 54
254, 47
254, 53
254, 54
254, 46
254, 57
254, 54
254, 88
254, 47
254, 56
254, 53
254, 48
254, 56
254, 53
254, 48
254, 54
255, 51
255, 47
255, 58
255, 54
255, 47
255, 60
255, 55
255, 55
255, 46
255, 56
255, 54
255, 47
255, 53
255, 51
255, 48
255, 53
255, 81
255, 93
256, 55
256, 58
256, 47
256, 59
256, 52
256, 31
256, 151
256, 55
256, 54
256, 47
256, 58
256, 60
256, 47
256, 61
256, 55
256, 47
257, 74
257, 55
257, 46
257, 54
257, 72
257, 47
257, 59
257, 77
257, 55
257, 37
257, 66
257, 54
257, 49
257, 72
257, 55
257, 32
257, 67
257, 54
257, 47
258, 58
258, 52
258, 47
258, 58
258, 51
258, 56
258, 47
258, 57
258, 55
258, 47
258, 59
258, 57
258, 47
258, 54
258, 54
258, 66
258, 59
258, 56
259, 42
259, 62
259, 55
259, 41
259, 96
259, 56
259, 56
259, 47
259, 59
259, 56
259, 36
259, 67
259, 56
259, 49
259, 57
259, 55
259, 47
259, 71
260, 56
260, 47
260, 58
260, 56
260, 55
260, 47
260, 56
260, 64
260, 62
260, 71
260, 56
260, 48
260, 54
260, 55
260, 50
260, 56
260, 57
260, 47
261, 59
261, 83
261, 57
261, 37
261, 69
261, 55
261, 47
261, 59
261, 56
261, 47
261, 56
261, 55
261, 47
261, 57
261, 55
261, 49
261, 54
261, 56
262, 47
262, 41
262, 64
262, 56
262, 47
262, 61
262, 56
262, 47
262, 56
262, 57
262, 47
262, 68
262, 56
262, 46
262, 54
262, 56
262, 50
262, 57
263, 57
263, 57
263, 47
263, 62
263, 57
263, 47
263, 57
263, 58
263, 47
263, 58
263, 56
263, 47
263, 60
263, 55
263, 47
263, 59
263, 71
263, 56
263, 47
264, 58
264, 52
264, 79
264, 63
264, 59
264, 84
264, 63
264, 54
264, 47
264, 55
264, 55
264, 49
264, 56
264, 55
264, 46
264, 48
264, 59
265, 54
265, 78
265, 113
265, 52
265, 47
265, 54
265, 55
265, 37
265, 66
265, 54
265, 47
265, 59
265, 55
265, 47
265, 55
265, 54
265, 54
265, 36
266, 67
266, 54
266, 31
266, 67
266, 57
266, 47
266, 56
266, 54
266, 47
266, 56
266, 55
266, 47
266, 55
266, 55
266, 54
266, 47
266, 57
266, 53
266, 32
267, 67
267, 54
267, 38
267, 67
267, 54
267, 47
267, 61
267, 53
267, 31
267, 69
267, 52
267, 47
267, 39
267, 63
267, 54
267, 49
267, 54
267, 55
267, 47
268, 55
268, 55
268, 36
268, 67
268, 53
268, 47
268, 56
268, 54
268, 47
268, 58
268, 56
268, 54
268, 73
268, 55
268, 69
268, 49
268, 53
268, 54
269, 47
269, 55
269, 54
269, 36
269, 66
269, 54
269, 47
269, 54
269, 53
269, 55
269, 47
269, 54
269, 54
269, 48
269, 53
269, 55
269, 49
269, 56
269, 54
270, 38
270, 67
270, 52
270, 47
270, 57
270, 56
270, 47
270, 42
270, 67
270, 53
270, 47
270, 55
270, 54
270, 48
270, 55
270, 55
270, 31
270, 69
270, 56
270, 31
271, 71
271, 53
271, 47
271, 58
271, 60
271, 83
271, 47
271, 59
271, 57
271, 47
271, 58
271, 54
271, 49
271, 54
271, 56
271, 47
271, 54
271, 54
272, 47
272, 57
272, 54
272, 55
272, 47
272, 55
272, 58
272, 46
272, 57
272, 55
272, 47
272, 59
272, 61
272, 87
272, 58
272, 105
272, 47
273, 63
273, 56
273, 78
273, 53
273, 67
273, 56
273, 47
273, 57
273, 58
273, 47
273, 57
273, 59
273, 47
273, 59
273, 57
273, 47
273, 59
274, 62
274, 47
274, 67
274, 60
274, 59
274, 46
274, 59
274, 56
274, 47
274, 63
274, 58
274, 47
274, 60
274, 55
274, 49
274, 55
274, 61
274, 47
275, 59
275, 59
275, 55
275, 47
275, 60
275, 59
275, 47
275, 67
275, 57
275, 47
275, 66
275, 58
275, 49
275, 56
275, 58
275, 52
275, 60
275, 58
276, 47
276, 38
276, 70
276, 59
276, 47
276, 65
276, 82
276, 47
276, 63
276, 60
276, 51
276, 57
276, 55
276, 52
276, 56
276, 54
276, 50
276, 56
277, 56
277, 55
277, 48
277, 56
277, 55
277, 47
277, 64
277, 54
277, 47
277, 59
277, 54
277, 46
277, 62
277, 57
277, 47
277, 65
277, 67
277, 65
278, 47
278, 59
278, 58
278, 53
278, 58
278, 60
278, 47
278, 62
278, 57
278, 47
278, 65
278, 60
278, 52
278, 55
278, 58
278, 47
278, 61
278, 59
279, 58
279, 47
279, 60
279, 56
279, 49
279, 55
279, 54
279, 47
279, 59
279, 79
279, 47
279, 60
279, 53
279, 48
279, 55
279, 57
279, 55
279, 47
280, 67
280, 56
280, 47
280, 60
280, 57
280, 47
280, 58
280, 55
280, 47
280, 59
280, 56
280, 47
280, 68
280, 55
280, 55
280, 42
280, 62
280, 58
281, 47
281, 60
281, 56
281, 47
281, 63
281, 55
281, 78
281, 68
281, 58
281, 47
281, 57
281, 53
281, 49
281, 55
281, 54
281, 90
281, 37
282, 64
282, 55
282, 47
282, 57
282, 52
282, 47
282, 66
282, 59
282, 47
282, 59
282, 59
282, 47
282, 62
282, 63
282, 56
282, 62
282, 57
282, 57
283, 53
283, 75
283, 60
283, 47
283, 65
283, 60
283, 47
283, 56
283, 56
283, 49
283, 60
283, 58
283, 57
283, 50
283, 61
283, 59
283, 52
283, 60
284, 58
284, 37
284, 74
284, 58
284, 47
284, 61
284, 60
284, 47
284, 68
284, 58
284, 38
284, 53
284, 71
284, 58
284, 47
284, 128
285, 59
285, 47
285, 68
285, 61
285, 47
285, 59
285, 57
285, 47
285, 65
285, 59
285, 47
285, 60
285, 74
285, 57
285, 47
285, 67
285, 59
285, 47
286, 65
286, 58
286, 47
286, 61
286, 59
286, 62
286, 60
286, 59
286, 47
286, 59
286, 67
286, 58
286, 55
286, 60
286, 59
286, 47
286, 62
287, 59
287, 46
287, 63
287, 58
287, 47
287, 69
287, 58
287, 47
287, 65
287, 71
287, 47
287, 45
287, 67
287, 61
287, 48
287, 57
287, 59
287, 47
288, 62
288, 57
288, 47
288, 63
288, 64
288, 51
288, 61
288, 59
288, 47
288, 61
288, 56
288, 60
288, 46
288, 58
288, 70
288, 52
288, 85
289, 61
289, 47
289, 66
289, 59
289, 47
289, 63
289, 57
289, 37
289, 73
289, 56
289, 55
289, 78
289, 68
289, 55
289, 52
289, 58
289, 58
290, 47
290, 61
290, 56
290, 47
290, 61
290, 55
290, 47
290, 59
290, 58
290, 47
290, 39
290, 72
290, 58
290, 52
290, 59
290, 54
290, 50
290, 53
290, 56
291, 36
291, 71
291, 58
291, 47
291, 61
291, 56
291, 47
291, 63
291, 59
291, 60
291, 78
291, 64
291, 57
291, 78
291, 62
291, 58
291, 47
292, 65
292, 60
292, 47
292, 59
292, 57
292, 47
292, 63
292, 55
292, 55
292, 47
292, 60
292, 55
292, 49
292, 57
292, 63
292, 47
292, 58
292, 56
293, 47
293, 60
293, 57
293, 47
293, 59
293, 56
293, 47
293, 40
293, 67
293, 59
293, 47
293, 60
293, 57
293, 52
293, 57
293, 59
293, 47
293, 61
294, 56
294, 47
294, 60
294, 59
294, 47
294, 56
294, 69
294, 57
294, 47
294, 57
294, 55
294, 47
294, 74
294, 55
294, 52
294, 59
294, 55
294, 47
295, 60
295, 97
295, 78
295, 61
295, 55
295, 57
295, 47
295, 62
295, 54
295, 51
295, 58
295, 55
295, 47
295, 55
295, 54
295, 48
295, 55
296, 56
296, 47
296, 65
296, 56
296, 47
296, 40
296, 70
296, 56
296, 47
296, 65
296, 57
296, 62
296, 73
296, 59
296, 49
296, 57
296, 60
296, 46
297, 61
297, 60
297, 47
297, 60
297, 61
297, 59
297, 36
297, 69
297, 60
297, 63
297, 58
297, 58
297, 49
297, 61
297, 57
297, 55
297, 56
298, 61
298, 47
298, 60
298, 60
298, 60
298, 47
298, 63
298, 56
298, 53
298, 57
298, 60
298, 47
298, 63
298, 59
298, 47
298, 65
298, 59
298, 53
299, 58
299, 60
299, 47
299, 44
299, 69
299, 58
299, 47
299, 62
299, 56
299, 37
299, 71
299, 55
299, 54
299, 64
299, 56
299, 47
299, 60
299, 59
300, 51
