Total Time, Response Time, Retransmissions
0, 58
0, 107
0, 55
0, 57
0, 55
0, 64
0, 106
0, 55
0, 55
0, 54
0, 54
0, 62
0, 55
0, 55
1, 112
1, 53
1, 55
1, 58
1, 78
1, 55
1, 57
1, 63
1, 55
1, 108
1, 65
1, 59
1, 53
1, 59
1, 56
1, 55
1, 55
2, 66
2, 59
2, 55
2, 55
2, 55
2, 111
2, 53
2, 55
2, 55
2, 55
2, 108
2, 70
2, 77
2, 65
2, 57
3, 53
3, 53
3, 54
3, 57
3, 117
3, 55
3, 58
3, 55
3, 54
3, 111
3, 61
3, 57
3, 56
3, 57
3, 54
4, 79
4, 54
4, 54
4, 60
4, 55
4, 54
4, 54
4, 54
4, 54
4, 56
4, 62
4, 53
4, 54
4, 63
4, 56
4, 55
4, 57
4, 64
5, 54
5, 55
5, 55
5, 54
5, 110
5, 56
5, 54
5, 166
5, 52
5, 53
5, 288
6, 55
6, 54
6, 56
6, 66
6, 54
6, 56
6, 114
6, 54
6, 55
6, 63
6, 53
6, 53
6, 55
6, 67
6, 138
7, 136
7, 71
7, 58
7, 54
7, 53
7, 56
7, 116
7, 53
7, 53
7, 57
7, 56
7, 54
7, 56
7, 119
8, 55
8, 57
8, 56
8, 55
8, 54
8, 110
8, 54
8, 55
8, 55
8, 54
8, 54
8, 67
8, 62
8, 54
8, 56
8, 54
8, 53
9, 54
9, 54
9, 56
9, 53
9, 53
9, 53
9, 63
9, 105
9, 58
9, 53
9, 158
9, 56
9, 56
9, 53
9, 62
10, 54
10, 52
10, 54
10, 51
10, 51
10, 111
10, 52
10, 51
10, 55
10, 53
10, 52
10, 54
10, 60
10, 55
10, 54
10, 55
10, 52
10, 54
11, 54
11, 105
11, 55
11, 107
11, 52
11, 51
11, 52
11, 61
11, 105
11, 51
11, 52
11, 54
11, 110
11, 53
11, 52
12, 104
12, 52
12, 51
12, 57
12, 56
12, 63
12, 52
12, 108
12, 56
12, 110
12, 54
12, 54
12, 56
12, 51
12, 53
13, 52
13, 57
13, 56
13, 49
13, 161
13, 52
13, 61
13, 51
13, 53
13, 54
13, 52
13, 52
13, 53
13, 51
13, 52
13, 52
13, 53
14, 54
14, 53
14, 52
14, 50
14, 62
14, 52
14, 49
14, 52
14, 54
14, 53
14, 73
14, 109
14, 53
14, 51
14, 52
14, 50
14, 53
15, 64
15, 53
15, 53
15, 52
15, 54
15, 54
15, 56
15, 114
15, 105
15, 106
15, 55
15, 54
15, 62
15, 53
15, 56
15, 56
16, 58
16, 55
16, 54
16, 60
16, 54
16, 54
16, 106
16, 55
16, 54
16, 54
16, 108
16, 56
16, 54
16, 55
17, 172
17, 53
17, 56
17, 54
17, 54
17, 54
17, 53
17, 60
17, 111
17, 65
17, 53
17, 127
17, 62
18, 162
18, 165
18, 118
18, 113
18, 113
18, 55
18, 119
18, 55
18, 53
18, 55
18, 54
19, 174
19, 111
19, 54
19, 54
19, 54
19, 53
19, 54
19, 106
19, 52
19, 53
19, 78
19, 55
19, 54
20, 165
20, 54
20, 55
20, 54
20, 55
20, 112
20, 54
20, 54
20, 52
20, 54
20, 54
20, 61
20, 51
20, 57
20, 57
20, 53
20, 53
21, 54
21, 55
21, 61
21, 160
21, 53
21, 107
21, 114
21, 54
21, 52
21, 70
21, 54
21, 54
21, 59
21, 53
22, 52
22, 55
22, 53
22, 53
22, 53
22, 51
22, 109
22, 54
22, 53
22, 55
22, 53
22, 53
22, 59
22, 108
22, 110
22, 54
23, 55
23, 119
23, 53
23, 55
23, 57
23, 55
23, 58
23, 62
23, 56
23, 129
23, 55
23, 90
23, 56
23, 89
24, 65
24, 56
24, 55
24, 53
24, 55
24, 110
24, 63
24, 55
24, 53
24, 54
24, 164
24, 62
24, 54
24, 54
24, 52
25, 111
25, 56
25, 53
25, 164
25, 57
25, 54
25, 55
25, 56
25, 118
25, 55
25, 54
25, 56
26, 172
26, 55
26, 55
26, 52
26, 55
26, 53
26, 55
26, 65
26, 69
26, 113
26, 56
26, 110
26, 54
26, 62
26, 54
27, 109
27, 54
27, 54
27, 54
27, 61
27, 110
27, 55
27, 59
27, 54
27, 52
27, 63
27, 110
27, 109
27, 54
27, 56
28, 111
28, 52
28, 55
28, 54
28, 54
28, 56
28, 114
28, 54
28, 54
28, 106
28, 54
28, 53
28, 56
28, 54
28, 52
29, 54
29, 53
29, 53
29, 50
29, 56
29, 104
29, 51
29, 52
29, 51
29, 53
29, 51
29, 57
29, 53
29, 52
29, 107
29, 53
29, 54
30, 58
30, 66
30, 55
30, 53
30, 53
30, 54
30, 53
30, 59
30, 157
30, 55
30, 55
30, 54
30, 106
31, 213
31, 54
31, 50
31, 59
31, 52
31, 105
31, 53
31, 110
31, 59
31, 52
31, 51
31, 55
31, 51
31, 52
31, 51
31, 59
32, 52
32, 53
32, 53
32, 104
32, 52
32, 54
32, 59
32, 54
32, 51
32, 59
32, 105
32, 53
32, 78
32, 73
32, 105
33, 50
33, 51
33, 54
33, 58
33, 110
33, 54
33, 55
33, 56
33, 54
33, 57
33, 54
33, 58
33, 56
33, 54
33, 108
33, 55
34, 63
34, 55
34, 59
34, 56
34, 53
34, 55
34, 54
34, 62
34, 55
34, 53
34, 53
34, 56
34, 53
34, 53
34, 60
34, 108
34, 55
35, 109
35, 57
35, 140
35, 56
35, 54
35, 54
35, 108
35, 55
35, 62
35, 54
35, 54
35, 58
35, 55
36, 127
36, 62
36, 58
36, 71
36, 70
36, 55
36, 55
36, 56
36, 54
36, 56
36, 114
36, 54
36, 113
36, 56
36, 64
37, 56
37, 54
37, 53
37, 55
37, 55
37, 53
37, 63
37, 55
37, 110
37, 55
37, 170
37, 56
37, 166
38, 54
38, 112
38, 115
38, 55
38, 54
38, 55
38, 110
38, 64
38, 57
38, 56
38, 112
38, 56
38, 53
39, 284
39, 89
39, 54
39, 65
39, 60
39, 63
39, 72
39, 56
39, 54
39, 56
39, 52
39, 63
39, 53
40, 112
40, 55
40, 55
40, 54
40, 62
40, 58
40, 57
40, 110
40, 106
40, 62
40, 54
40, 53
40, 53
40, 107
40, 52
41, 53
41, 64
41, 53
41, 55
41, 53
41, 54
41, 115
41, 59
41, 107
41, 55
41, 111
41, 116
41, 54
42, 107
42, 55
42, 108
42, 110
42, 53
42, 56
42, 111
42, 53
42, 53
42, 63
42, 56
42, 56
42, 111
42, 56
43, 116
43, 56
43, 55
43, 54
43, 57
43, 111
43, 65
43, 58
43, 109
43, 55
43, 54
43, 55
43, 53
43, 63
44, 164
44, 56
44, 55
44, 53
44, 116
44, 55
44, 54
44, 55
44, 55
44, 174
44, 57
44, 55
44, 56
44, 55
45, 54
45, 53
45, 54
45, 55
45, 55
45, 56
45, 56
45, 54
45, 188
45, 55
45, 55
45, 109
45, 54
45, 61
46, 53
46, 54
46, 107
46, 168
46, 55
46, 56
46, 163
46, 52
46, 56
46, 61
46, 54
46, 109
46, 54
47, 57
47, 54
47, 61
47, 55
47, 56
47, 54
47, 54
47, 53
47, 54
47, 59
47, 114
47, 55
47, 54
47, 54
47, 54
47, 53
47, 53
48, 107
48, 54
48, 106
48, 116
48, 56
48, 55
48, 55
48, 108
48, 113
48, 56
48, 54
48, 55
48, 53
49, 53
49, 52
49, 60
49, 54
49, 52
49, 55
49, 215
49, 60
49, 55
49, 54
49, 53
49, 110
49, 53
49, 62
50, 56
50, 111
50, 52
50, 54
50, 53
50, 62
50, 53
50, 109
50, 53
50, 53
50, 53
50, 52
50, 111
50, 55
50, 53
50, 54
51, 53
51, 57
51, 58
51, 56
51, 54
51, 57
51, 108
51, 55
51, 62
51, 54
51, 106
51, 109
51, 57
52, 115
52, 53
52, 54
52, 53
52, 106
52, 53
52, 117
52, 107
52, 109
52, 55
52, 61
52, 53
52, 52
52, 52
52, 54
53, 54
53, 56
53, 59
53, 51
53, 53
53, 55
53, 52
53, 52
53, 53
53, 106
53, 53
53, 55
53, 56
53, 106
53, 53
54, 113
54, 54
54, 54
54, 53
54, 53
54, 55
54, 60
54, 105
54, 53
54, 53
54, 54
54, 53
54, 62
54, 55
54, 80
54, 55
54, 53
55, 83
55, 63
55, 57
55, 67
55, 56
55, 57
55, 52
55, 54
55, 108
55, 60
55, 55
55, 108
55, 158
55, 59
56, 54
56, 52
56, 53
56, 51
56, 108
56, 53
56, 108
56, 54
56, 54
56, 56
56, 53
56, 117
56, 54
56, 54
56, 54
57, 52
57, 56
57, 53
57, 109
57, 52
57, 54
57, 52
57, 52
57, 54
57, 112
57, 54
57, 52
57, 50
57, 53
57, 51
57, 53
57, 58
58, 51
58, 53
58, 52
58, 53
58, 54
58, 51
58, 59
58, 52
58, 54
58, 105
58, 107
58, 56
58, 53
58, 50
58, 52
58, 55
58, 50
59, 158
59, 52
59, 50
59, 103
59, 54
59, 51
59, 58
59, 52
59, 103
59, 52
59, 51
59, 53
59, 109
60, 106
60, 54
60, 58
60, 55
60, 56
60, 53
60, 54
60, 53
60, 53
60, 52
60, 54
60, 55
60, 61
60, 103
60, 54
60, 52
61, 107
61, 59
61, 50
61, 51
61, 108
61, 53
61, 54
61, 111
61, 52
61, 52
61, 58
61, 54
61, 53
61, 161
61, 55
62, 52
62, 54
62, 52
62, 53
62, 59
62, 52
62, 105
62, 55
62, 53
62, 54
62, 58
62, 149
62, 129
63, 101
63, 58
63, 54
63, 106
63, 107
63, 53
63, 110
63, 52
63, 55
63, 51
63, 53
63, 55
63, 52
63, 63
63, 51
63, 52
64, 51
64, 112
64, 107
64, 51
64, 51
64, 52
64, 106
64, 52
64, 51
64, 51
64, 53
64, 51
64, 51
64, 51
64, 53
65, 113
65, 55
65, 54
65, 106
65, 54
65, 53
65, 58
65, 54
65, 53
65, 52
65, 105
65, 54
65, 60
65, 106
65, 55
66, 107
66, 54
66, 110
66, 54
66, 53
66, 53
66, 49
66, 168
66, 54
66, 104
66, 103
66, 55
66, 58
67, 50
67, 57
67, 109
67, 56
67, 55
67, 55
67, 164
67, 56
67, 55
67, 54
67, 55
67, 113
67, 108
68, 59
68, 55
68, 52
68, 63
68, 55
68, 56
68, 56
68, 55
68, 55
68, 54
68, 61
68, 55
68, 112
68, 56
68, 165
69, 117
69, 57
69, 110
69, 53
69, 117
69, 107
69, 54
69, 59
69, 53
69, 54
69, 60
69, 55
69, 53
69, 53
70, 53
70, 55
70, 55
70, 52
70, 53
70, 55
70, 52
70, 52
70, 105
70, 53
70, 64
70, 57
70, 52
70, 52
70, 51
70, 54
70, 51
71, 62
71, 54
71, 54
71, 54
71, 105
71, 118
71, 136
71, 56
71, 85
71, 73
71, 58
71, 171
72, 53
72, 55
72, 54
72, 108
72, 114
72, 55
72, 53
72, 56
72, 53
72, 58
72, 118
72, 52
72, 55
72, 53
72, 54
73, 107
73, 53
73, 54
73, 58
73, 54
73, 53
73, 53
73, 55
73, 60
73, 109
73, 54
73, 56
73, 52
73, 54
73, 60
74, 168
74, 164
74, 59
74, 55
74, 54
74, 52
74, 55
74, 56
74, 53
74, 113
74, 55
74, 54
74, 56
74, 105
75, 53
75, 222
75, 107
75, 54
75, 68
75, 108
75, 55
75, 53
75, 55
75, 55
75, 53
75, 54
75, 52
76, 54
76, 54
76, 55
76, 107
76, 63
76, 54
76, 56
76, 54
76, 56
76, 109
76, 61
76, 55
76, 55
76, 58
76, 54
76, 56
77, 54
77, 64
77, 53
77, 56
77, 56
77, 56
77, 55
77, 56
77, 55
77, 68
77, 54
77, 51
77, 53
77, 55
77, 110
77, 63
78, 56
78, 56
78, 55
78, 56
78, 55
78, 54
78, 61
78, 56
78, 55
78, 54
78, 54
78, 55
78, 54
78, 111
78, 54
78, 56
78, 54
79, 57
79, 57
79, 54
79, 61
79, 53
79, 54
79, 54
79, 55
79, 55
79, 56
79, 63
79, 56
79, 53
79, 52
79, 52
79, 53
79, 115
79, 52
80, 52
80, 101
80, 104
80, 113
80, 53
80, 54
80, 104
80, 103
80, 58
80, 54
80, 55
80, 53
80, 49
81, 106
81, 57
81, 52
81, 51
81, 107
81, 164
81, 107
81, 104
81, 104
81, 52
81, 113
82, 51
82, 56
82, 108
82, 52
82, 57
82, 53
82, 53
82, 51
82, 53
82, 52
82, 53
82, 111
82, 54
82, 56
82, 53
82, 54
82, 53
83, 53
83, 216
83, 51
83, 106
83, 60
83, 55
83, 57
83, 52
83, 53
83, 53
83, 53
83, 57
83, 54
83, 52
84, 52
84, 104
84, 53
84, 55
84, 110
84, 53
84, 52
84, 51
84, 53
84, 50
84, 59
84, 52
84, 110
84, 107
84, 53
85, 57
85, 51
85, 104
85, 56
85, 165
85, 51
85, 54
85, 53
85, 53
85, 55
85, 57
85, 172
85, 55
86, 106
86, 52
86, 55
86, 62
86, 55
86, 52
86, 59
86, 56
86, 55
86, 54
86, 61
86, 53
86, 54
86, 54
86, 57
86, 111
87, 58
87, 57
87, 54
87, 54
87, 53
87, 56
87, 55
87, 56
87, 60
87, 57
87, 54
87, 153
87, 54
87, 58
87, 60
88, 111
88, 54
88, 53
88, 53
88, 55
88, 62
88, 57
88, 55
88, 108
88, 55
88, 57
88, 55
88, 64
88, 52
88, 56
88, 55
88, 58
89, 54
89, 54
89, 64
89, 109
89, 108
89, 54
89, 53
89, 58
89, 52
89, 55
89, 108
89, 54
89, 111
89, 54
89, 53
90, 52
90, 53
90, 54
90, 55
90, 54
90, 61
90, 52
90, 55
90, 52
90, 52
90, 114
90, 62
90, 51
90, 54
90, 55
90, 55
90, 52
91, 53
91, 61
91, 54
91, 159
91, 52
91, 54
91, 51
91, 57
91, 61
91, 53
91, 52
91, 55
91, 54
91, 55
91, 60
91, 55
92, 53
92, 56
92, 84
92, 52
92, 57
92, 111
92, 106
92, 52
92, 54
92, 127
92, 105
92, 57
92, 56
92, 56
93, 55
93, 53
93, 115
93, 54
93, 52
93, 55
93, 52
93, 54
93, 53
93, 60
93, 56
93, 54
93, 50
93, 54
93, 167
94, 58
94, 55
94, 52
94, 54
94, 54
94, 50
94, 59
94, 59
94, 52
94, 52
94, 54
94, 53
94, 54
94, 55
94, 171
94, 53
95, 53
95, 53
95, 109
95, 53
95, 52
95, 54
95, 54
95, 51
95, 54
95, 104
95, 52
95, 104
95, 105
95, 52
95, 59
96, 56
96, 55
96, 54
96, 51
96, 161
96, 53
96, 53
96, 52
96, 51
96, 105
96, 60
96, 51
96, 55
96, 52
97, 165
97, 55
97, 118
97, 55
97, 55
97, 55
97, 56
97, 58
97, 61
97, 55
97, 54
97, 56
97, 109
97, 53
97, 61
97, 54
98, 54
98, 53
98, 54
98, 111
98, 55
98, 57
98, 54
98, 55
98, 55
98, 107
98, 54
98, 243
98, 53
99, 60
99, 56
99, 65
99, 108
99, 53
99, 110
99, 54
99, 62
99, 53
99, 56
99, 54
99, 55
99, 52
99, 58
99, 53
100, 64
100, 59
100, 54
100, 56
100, 54
100, 54
100, 94
100, 108
100, 55
100, 107
100, 55
100, 103
100, 61
100, 110
101, 58
101, 163
101, 111
101, 56
101, 55
101, 54
101, 55
101, 109
101, 64
101, 54
101, 54
101, 55
101, 54
102, 112
102, 63
102, 56
102, 56
102, 60
102, 54
102, 54
102, 115
102, 54
102, 55
102, 55
102, 56
102, 110
102, 55
102, 61
103, 109
103, 69
103, 56
103, 121
103, 171
103, 51
103, 109
103, 52
103, 59
103, 55
103, 51
103, 52
103, 53
103, 51
104, 316
104, 57
104, 52
104, 51
104, 58
104, 52
104, 50
104, 53
104, 52
104, 53
104, 51
105, 214
105, 54
105, 53
105, 50
105, 110
105, 51
105, 54
105, 53
105, 54
105, 54
105, 56
105, 58
105, 105
105, 53
105, 51
105, 51
106, 53
106, 217
106, 52
106, 53
106, 52
106, 57
106, 53
106, 51
106, 56
106, 53
106, 53
106, 51
106, 51
106, 54
106, 53
106, 53
107, 56
107, 55
107, 51
107, 54
107, 58
107, 54
107, 104
107, 52
107, 52
107, 53
107, 112
107, 68
107, 52
107, 108
107, 53
108, 57
108, 51
108, 51
108, 53
108, 56
108, 53
108, 52
108, 51
108, 57
108, 52
108, 52
108, 53
108, 53
108, 107
108, 58
108, 54
108, 54
108, 49
109, 54
109, 108
109, 58
109, 53
109, 54
109, 52
109, 53
109, 53
109, 53
109, 51
109, 155
109, 53
109, 55
109, 105
109, 63
110, 53
110, 51
110, 57
110, 54
110, 53
110, 52
110, 60
110, 53
110, 51
110, 53
110, 52
110, 50
110, 53
110, 60
110, 213
111, 53
111, 52
111, 169
111, 54
111, 52
111, 104
111, 110
111, 54
111, 160
111, 52
111, 56
111, 111
112, 52
112, 53
112, 54
112, 117
112, 53
112, 54
112, 51
112, 50
112, 51
112, 53
112, 54
112, 53
112, 59
112, 113
113, 158
113, 52
113, 58
113, 58
113, 56
113, 52
113, 51
113, 106
113, 58
113, 51
113, 54
113, 51
113, 54
113, 52
113, 69
113, 54
113, 66
114, 54
114, 56
114, 113
114, 52
114, 54
114, 64
114, 52
114, 58
114, 55
114, 111
114, 54
114, 64
114, 54
114, 110
115, 110
115, 112
115, 55
115, 53
115, 53
115, 55
115, 53
115, 56
115, 54
115, 65
115, 106
115, 55
115, 55
115, 113
115, 61
116, 53
116, 55
116, 54
116, 56
116, 54
116, 54
116, 62
116, 54
116, 111
116, 55
116, 54
116, 175
116, 54
116, 53
116, 55
117, 57
117, 55
117, 55
117, 63
117, 55
117, 109
117, 55
117, 54
117, 55
117, 62
117, 54
117, 109
117, 54
117, 53
117, 55
117, 81
118, 55
118, 57
118, 54
118, 51
118, 56
118, 54
118, 52
118, 61
118, 108
118, 54
118, 53
118, 57
118, 117
118, 116
118, 53
119, 54
119, 54
119, 225
119, 81
119, 79
119, 56
119, 110
119, 55
119, 61
119, 57
119, 54
119, 54
119, 53
120, 52
120, 54
120, 116
120, 54
120, 54
120, 161
120, 60
120, 55
120, 52
120, 111
120, 107
120, 52
121, 112
121, 108
121, 52
121, 53
121, 53
121, 117
121, 57
121, 52
121, 57
121, 51
121, 117
121, 54
121, 51
121, 56
121, 51
122, 112
122, 59
122, 108
122, 106
122, 53
122, 55
122, 165
122, 54
122, 54
122, 55
122, 53
122, 53
122, 62
123, 110
123, 55
123, 80
123, 52
123, 52
123, 63
123, 56
123, 106
123, 56
123, 52
123, 55
123, 114
123, 53
123, 54
123, 55
124, 107
124, 56
124, 60
124, 55
124, 106
124, 59
124, 54
124, 55
124, 60
124, 53
124, 56
124, 56
124, 52
124, 56
124, 53
124, 61
124, 52
125, 110
125, 55
125, 53
125, 56
125, 54
125, 60
125, 109
125, 55
125, 53
125, 56
125, 115
125, 110
125, 55
125, 53
126, 52
126, 55
126, 59
126, 55
126, 55
126, 158
126, 55
126, 53
126, 107
126, 55
126, 55
126, 52
126, 56
126, 51
126, 60
127, 53
127, 55
127, 53
127, 53
127, 54
127, 54
127, 62
127, 55
127, 51
127, 53
127, 57
127, 49
127, 75
127, 59
127, 53
127, 125
127, 54
128, 54
128, 52
128, 115
128, 52
128, 81
128, 56
128, 51
128, 111
128, 68
128, 51
128, 55
128, 55
128, 106
129, 115
129, 104
129, 51
129, 54
129, 52
129, 52
129, 55
129, 56
129, 58
129, 53
129, 107
129, 107
129, 174
129, 55
130, 53
130, 56
130, 54
130, 63
130, 54
130, 54
130, 54
130, 56
130, 56
130, 55
130, 58
130, 55
130, 56
130, 55
130, 107
130, 55
130, 54
131, 60
131, 53
131, 54
131, 55
131, 55
131, 52
131, 50
131, 222
131, 113
131, 53
131, 62
131, 111
131, 55
132, 55
132, 54
132, 58
132, 163
132, 55
132, 54
132, 56
132, 55
132, 118
132, 55
132, 56
132, 58
132, 56
132, 55
132, 54
133, 61
133, 56
133, 56
133, 55
133, 110
133, 56
133, 63
133, 70
133, 54
133, 55
133, 55
133, 52
133, 57
133, 56
133, 62
133, 55
134, 56
134, 109
134, 57
134, 55
134, 64
134, 54
134, 55
134, 107
134, 54
134, 55
134, 61
134, 54
134, 52
134, 53
134, 54
135, 160
135, 54
135, 51
135, 55
135, 68
135, 63
135, 60
135, 55
135, 59
135, 107
135, 53
135, 54
135, 55
135, 54
135, 60
136, 111
136, 54
136, 55
136, 54
136, 54
136, 59
136, 52
136, 55
136, 54
136, 108
136, 55
136, 112
136, 56
136, 57
136, 108
136, 54
137, 53
137, 60
137, 54
137, 54
137, 53
137, 54
137, 52
137, 55
137, 113
137, 56
137, 55
137, 54
137, 53
137, 106
137, 53
137, 54
138, 57
138, 160
138, 55
138, 59
138, 55
138, 55
138, 54
138, 56
138, 52
138, 125
138, 56
138, 106
138, 55
138, 55
139, 55
139, 63
139, 54
139, 54
139, 54
139, 54
139, 54
139, 52
139, 115
139, 56
139, 51
139, 54
139, 60
139, 53
139, 114
139, 54
140, 54
140, 51
140, 54
140, 107
140, 60
140, 107
140, 104
140, 53
140, 52
140, 55
140, 51
140, 51
140, 55
140, 107
140, 53
141, 52
141, 58
141, 155
141, 104
141, 55
141, 60
141, 53
141, 52
141, 51
141, 54
141, 59
141, 75
141, 162
142, 54
142, 53
142, 106
142, 124
142, 52
142, 52
142, 53
142, 52
142, 53
142, 57
142, 111
142, 54
142, 51
142, 52
142, 53
143, 52
143, 59
143, 53
143, 49
143, 52
143, 51
143, 53
143, 53
143, 53
143, 52
143, 56
143, 56
143, 49
143, 55
143, 123
143, 61
143, 77
144, 64
144, 52
144, 51
144, 52
144, 56
144, 57
144, 53
144, 54
144, 50
144, 52
144, 52
144, 53
144, 115
144, 54
144, 56
144, 55
145, 153
145, 58
145, 51
145, 54
145, 52
145, 51
145, 54
145, 53
145, 56
145, 53
145, 53
145, 55
145, 53
145, 53
145, 57
145, 60
145, 53
145, 51
146, 53
146, 52
146, 105
146, 54
146, 55
146, 107
146, 51
146, 56
146, 52
146, 51
146, 59
146, 107
146, 52
146, 52
146, 54
147, 171
147, 53
147, 104
147, 53
147, 55
147, 56
147, 53
147, 51
147, 108
147, 162
147, 62
147, 54
148, 111
148, 57
148, 106
148, 59
148, 55
148, 57
148, 109
148, 53
148, 120
148, 54
148, 109
148, 61
148, 53
148, 54
149, 80
149, 56
149, 108
149, 114
149, 51
149, 55
149, 63
149, 56
149, 166
149, 56
149, 54
149, 62
149, 54
149, 56
150, 54
150, 110
150, 54
150, 60
150, 110
150, 107
150, 57
150, 109
150, 119
150, 57
150, 107
150, 54
151, 123
151, 54
151, 114
151, 54
151, 56
151, 120
151, 127
151, 134
151, 55
151, 53
151, 55
151, 53
152, 114
152, 57
152, 108
152, 53
152, 53
152, 54
152, 64
152, 113
152, 53
152, 107
152, 73
152, 54
152, 61
152, 52
153, 55
153, 53
153, 54
153, 55
153, 118
153, 164
153, 57
153, 56
153, 166
153, 55
153, 61
153, 53
154, 109
154, 52
154, 62
154, 110
154, 52
154, 61
154, 59
154, 55
154, 63
154, 55
154, 55
154, 58
154, 52
154, 57
154, 54
154, 55
155, 109
155, 112
155, 107
155, 54
155, 62
155, 54
155, 54
155, 55
155, 57
155, 171
155, 109
156, 108
156, 55
156, 56
156, 63
156, 113
156, 57
156, 108
156, 168
156, 55
156, 58
156, 109
156, 59
157, 118
157, 54
157, 126
157, 54
157, 59
157, 56
157, 62
157, 55
157, 114
157, 53
157, 55
157, 55
157, 55
157, 55
158, 170
158, 107
158, 53
158, 58
158, 52
158, 53
158, 51
158, 54
158, 106
158, 59
158, 52
158, 111
158, 104
158, 52
159, 61
159, 52
159, 50
159, 105
159, 55
159, 52
159, 53
159, 58
159, 53
159, 57
159, 72
159, 52
159, 54
159, 55
159, 57
159, 54
159, 54
160, 53
160, 54
160, 52
160, 54
160, 58
160, 60
160, 108
160, 52
160, 51
160, 54
160, 52
160, 54
160, 51
160, 52
160, 52
160, 51
160, 50
160, 51
161, 114
161, 103
161, 52
161, 104
161, 61
161, 51
161, 54
161, 53
161, 53
161, 55
161, 48
161, 57
161, 106
161, 53
162, 104
162, 51
162, 110
162, 102
162, 51
162, 50
162, 53
162, 54
162, 59
162, 51
162, 107
162, 53
162, 51
162, 111
163, 108
163, 52
163, 53
163, 54
163, 53
163, 55
163, 105
163, 104
163, 53
163, 107
163, 56
163, 52
163, 52
163, 53
163, 54
163, 52
164, 55
164, 57
164, 54
164, 54
164, 109
164, 105
164, 59
164, 53
164, 55
164, 50
164, 174
164, 55
164, 111
165, 57
165, 52
165, 55
165, 53
165, 116
165, 53
165, 52
165, 54
165, 55
165, 53
165, 56
165, 60
165, 62
165, 115
165, 56
165, 55
166, 54
166, 108
166, 54
166, 52
166, 53
166, 53
166, 54
166, 57
166, 61
166, 53
166, 52
166, 57
166, 54
166, 74
166, 58
166, 96
167, 55
167, 55
167, 54
167, 53
167, 54
167, 55
167, 111
167, 55
167, 57
167, 55
167, 54
167, 52
167, 54
167, 61
167, 56
167, 54
167, 55
168, 54
168, 54
168, 53
168, 61
168, 163
168, 53
168, 54
168, 54
168, 114
168, 58
168, 104
168, 164
169, 110
169, 52
169, 54
169, 54
169, 52
169, 53
169, 60
169, 53
169, 54
169, 109
169, 53
169, 52
169, 59
169, 53
169, 51
169, 51
169, 52
170, 52
170, 51
170, 59
170, 54
170, 103
170, 52
170, 51
170, 110
170, 58
170, 56
170, 108
170, 53
170, 53
170, 51
171, 161
171, 51
171, 53
171, 104
171, 59
171, 107
171, 51
171, 53
171, 52
171, 53
171, 52
171, 54
171, 56
171, 54
171, 52
172, 107
172, 219
172, 53
172, 53
172, 53
172, 52
172, 61
172, 53
172, 51
172, 50
172, 109
172, 57
172, 62
172, 103
173, 51
173, 55
173, 52
173, 52
173, 52
173, 108
173, 53
173, 52
173, 52
173, 54
173, 54
173, 57
173, 54
173, 55
173, 105
173, 55
173, 53
174, 112
174, 53
174, 53
174, 53
174, 52
174, 53
174, 56
174, 54
174, 102
174, 53
174, 52
174, 56
174, 55
174, 114
175, 166
175, 53
175, 53
175, 58
175, 55
175, 54
175, 111
175, 107
175, 63
175, 163
175, 54
175, 53
176, 105
176, 112
176, 54
176, 55
176, 107
176, 53
176, 63
176, 109
176, 54
176, 119
176, 54
176, 64
176, 106
177, 108
177, 53
177, 53
177, 160
177, 166
177, 52
177, 51
177, 111
177, 51
177, 53
177, 105
177, 52
178, 116
178, 51
178, 54
178, 104
178, 53
178, 61
178, 54
178, 54
178, 55
178, 55
178, 53
178, 54
178, 52
178, 61
178, 54
178, 55
179, 54
179, 159
179, 60
179, 52
179, 54
179, 54
179, 105
179, 55
179, 113
179, 56
179, 54
179, 54
179, 52
179, 54
179, 56
180, 54
180, 54
180, 55
180, 55
180, 52
180, 56
180, 53
180, 60
180, 55
180, 110
180, 51
180, 54
180, 54
180, 112
180, 109
181, 105
181, 52
181, 59
181, 52
181, 53
181, 51
181, 53
181, 52
181, 53
181, 118
181, 53
181, 54
181, 63
181, 50
181, 53
181, 53
182, 58
182, 55
182, 52
182, 51
182, 52
182, 104
182, 61
182, 52
182, 52
182, 57
182, 51
182, 53
182, 95
182, 92
182, 63
183, 107
183, 52
183, 104
183, 55
183, 61
183, 54
183, 53
183, 110
183, 54
183, 52
183, 58
183, 53
183, 107
183, 53
183, 105
184, 107
184, 52
184, 52
184, 52
184, 56
184, 268
184, 53
184, 52
184, 53
184, 111
184, 52
184, 53
185, 105
185, 54
185, 52
185, 62
185, 109
185, 53
185, 52
185, 52
185, 108
185, 51
185, 54
185, 155
185, 51
185, 53
186, 112
186, 52
186, 54
186, 57
186, 105
186, 110
186, 53
186, 53
186, 58
186, 54
186, 52
186, 58
186, 52
186, 51
186, 52
186, 54
187, 105
187, 218
187, 52
187, 104
187, 63
187, 57
187, 53
187, 52
187, 51
187, 50
187, 54
187, 52
187, 57
187, 52
188, 55
188, 53
188, 113
188, 106
188, 51
188, 104
188, 52
188, 51
188, 54
188, 51
188, 59
188, 52
188, 53
188, 106
189, 54
189, 53
189, 63
189, 55
189, 52
189, 54
189, 52
189, 133
189, 61
189, 56
189, 53
189, 54
189, 61
189, 102
189, 55
189, 59
190, 54
190, 162
190, 220
190, 53
190, 52
190, 58
190, 54
190, 53
190, 60
190, 54
190, 59
190, 54
190, 54
191, 53
191, 110
191, 110
191, 55
191, 54
191, 54
191, 171
191, 55
191, 52
191, 53
191, 51
191, 54
191, 54
191, 58
191, 52
192, 55
192, 55
192, 53
192, 102
192, 58
192, 49
192, 50
192, 53
192, 53
192, 53
192, 104
192, 58
192, 53
192, 53
192, 55
192, 52
193, 54
193, 54
193, 108
193, 53
193, 55
193, 110
193, 111
193, 53
193, 52
193, 52
193, 55
193, 56
193, 50
193, 108
193, 50
194, 104
194, 50
194, 51
194, 52
194, 111
194, 106
194, 53
194, 105
194, 114
194, 103
194, 106
194, 54
195, 114
195, 51
195, 53
195, 53
195, 103
195, 52
195, 56
195, 52
195, 53
195, 105
195, 53
195, 52
195, 117
195, 53
196, 54
196, 53
196, 53
196, 53
196, 118
196, 105
196, 53
196, 54
196, 53
196, 102
196, 53
196, 56
196, 49
196, 52
197, 170
197, 104
197, 52
197, 52
197, 51
197, 50
197, 60
197, 56
197, 54
197, 54
197, 55
197, 55
197, 57
197, 60
197, 56
197, 53
198, 166
198, 53
198, 57
198, 64
198, 55
198, 112
198, 54
198, 56
198, 114
198, 56
198, 56
198, 137
199, 223
199, 55
199, 53
199, 55
199, 53
199, 110
199, 107
199, 269
199, 119
199, 54
200, 57
200, 111
200, 53
200, 56
200, 63
200, 56
200, 53
200, 56
200, 109
200, 54
200, 64
200, 55
200, 53
201, 250
201, 116
201, 54
201, 58
201, 52
201, 56
201, 52
201, 55
201, 63
201, 56
201, 53
201, 55
201, 54
201, 56
201, 54
201, 63
202, 54
202, 56
202, 109
202, 57
202, 56
202, 52
202, 55
202, 57
202, 56
202, 57
202, 61
202, 55
202, 54
202, 61
202, 57
202, 112
203, 50
203, 53
203, 52
203, 61
203, 52
203, 51
203, 50
203, 106
203, 52
203, 57
203, 51
203, 105
203, 52
203, 51
203, 52
203, 52
203, 59
204, 52
204, 52
204, 53
204, 103
204, 57
204, 56
204, 106
204, 51
204, 53
204, 108
204, 60
204, 51
204, 54
204, 53
204, 53
204, 53
205, 107
205, 52
205, 52
205, 53
205, 52
205, 56
205, 53
205, 53
205, 60
205, 54
205, 54
205, 51
205, 52
205, 53
205, 56
205, 55
205, 55
206, 54
206, 56
206, 55
206, 126
206, 64
206, 52
206, 54
206, 56
206, 56
206, 164
206, 63
206, 55
206, 56
206, 108
207, 55
207, 54
207, 115
207, 56
207, 62
207, 56
207, 56
207, 56
207, 62
207, 54
207, 53
207, 57
207, 107
207, 111
207, 54
208, 54
208, 112
208, 108
208, 56
208, 115
208, 55
208, 54
208, 56
208, 53
208, 55
208, 63
208, 110
208, 55
208, 57
209, 57
209, 121
209, 110
209, 54
209, 56
209, 57
209, 60
209, 115
209, 55
209, 166
209, 109
210, 63
210, 111
210, 53
210, 57
210, 56
210, 119
210, 57
210, 54
210, 55
210, 51
210, 56
210, 55
210, 54
210, 163
211, 54
211, 53
211, 51
211, 57
211, 63
211, 57
211, 124
211, 60
211, 73
211, 59
211, 219
211, 54
211, 53
212, 115
212, 109
212, 59
212, 54
212, 107
212, 53
212, 53
212, 54
212, 202
212, 124
212, 56
212, 55
213, 55
213, 66
213, 55
213, 57
213, 167
213, 121
213, 60
213, 54
213, 56
213, 54
213, 53
213, 55
213, 57
213, 54
213, 56
214, 110
214, 111
214, 113
214, 111
214, 54
214, 56
214, 54
214, 52
214, 63
214, 111
214, 54
214, 54
214, 55
215, 57
215, 62
215, 55
215, 107
215, 57
215, 54
215, 56
215, 55
215, 64
215, 54
215, 77
215, 83
215, 109
215, 117
216, 54
216, 55
216, 55
216, 111
216, 56
216, 65
216, 57
216, 54
216, 83
216, 53
216, 114
216, 53
216, 55
216, 53
216, 54
217, 55
217, 161
217, 62
217, 55
217, 53
217, 113
217, 53
217, 59
217, 62
217, 216
217, 108
218, 66
218, 54
218, 54
218, 54
218, 110
218, 52
218, 163
218, 57
218, 54
218, 104
218, 52
218, 60
218, 53
218, 53
219, 107
219, 53
219, 52
219, 109
219, 52
219, 54
219, 109
219, 52
219, 53
219, 53
219, 55
219, 49
219, 52
219, 104
220, 164
220, 52
220, 52
220, 54
220, 53
220, 107
220, 52
220, 54
220, 53
220, 53
220, 53
220, 56
220, 57
220, 105
220, 52
220, 53
221, 56
221, 50
221, 51
221, 117
221, 55
221, 56
221, 52
221, 55
221, 53
221, 111
221, 73
221, 208
221, 59
222, 56
222, 57
222, 107
222, 54
222, 50
222, 53
222, 50
222, 106
222, 54
222, 51
222, 104
222, 161
222, 51
222, 53
223, 53
223, 112
223, 53
223, 53
223, 50
223, 55
223, 53
223, 54
223, 62
223, 53
223, 53
223, 52
223, 53
223, 107
223, 52
223, 58
224, 52
224, 53
224, 53
224, 54
224, 50
224, 51
224, 59
224, 107
224, 56
224, 57
224, 55
224, 55
224, 112
224, 53
224, 53
224, 55
224, 53
225, 54
225, 52
225, 56
225, 55
225, 54
225, 53
225, 54
225, 54
225, 54
225, 115
225, 53
225, 51
225, 108
225, 54
225, 60
225, 56
226, 51
226, 167
226, 56
226, 61
226, 107
226, 56
226, 54
226, 53
226, 53
226, 55
226, 59
226, 53
226, 54
226, 138
227, 55
227, 55
227, 59
227, 54
227, 57
227, 52
227, 55
227, 54
227, 53
227, 114
227, 55
227, 55
227, 55
227, 54
227, 54
227, 61
227, 56
228, 54
228, 54
228, 53
228, 54
228, 52
228, 111
228, 111
228, 164
228, 54
228, 62
228, 53
228, 56
228, 52
228, 55
229, 55
229, 110
229, 115
229, 57
229, 54
229, 55
229, 107
229, 61
229, 55
229, 52
229, 55
229, 108
229, 53
229, 60
230, 55
230, 52
230, 107
230, 222
230, 57
230, 54
230, 54
230, 108
230, 53
230, 51
230, 51
230, 52
230, 52
230, 55
231, 57
231, 61
231, 65
231, 112
231, 52
231, 54
231, 52
231, 53
231, 169
231, 55
231, 53
231, 52
231, 54
231, 57
231, 50
232, 102
232, 54
232, 104
232, 55
232, 60
232, 52
232, 54
232, 52
232, 53
232, 52
232, 167
232, 52
232, 53
233, 157
233, 59
233, 52
233, 52
233, 103
233, 55
233, 53
233, 52
233, 53
233, 53
233, 52
233, 54
233, 52
233, 51
233, 51
233, 108
233, 53
234, 104
234, 106
234, 59
234, 53
234, 105
234, 109
234, 110
234, 160
234, 52
234, 53
234, 52
235, 53
235, 59
235, 112
235, 55
235, 56
235, 53
235, 54
235, 62
235, 56
235, 112
235, 53
235, 113
235, 119
235, 56
236, 55
236, 57
236, 54
236, 53
236, 52
236, 54
236, 55
236, 65
236, 55
236, 56
236, 107
236, 62
236, 110
236, 56
236, 56
236, 61
237, 55
237, 117
237, 78
237, 52
237, 58
237, 55
237, 54
237, 63
237, 54
237, 56
237, 52
237, 55
237, 183
237, 66
238, 53
238, 56
238, 55
238, 108
238, 174
238, 53
238, 53
238, 54
238, 53
238, 114
238, 55
238, 162
239, 59
239, 53
239, 54
239, 54
239, 55
239, 57
239, 56
239, 53
239, 53
239, 56
239, 58
239, 53
239, 56
239, 57
239, 111
239, 117
240, 51
240, 54
240, 56
240, 53
240, 55
240, 51
240, 61
240, 55
240, 54
240, 54
240, 54
240, 55
240, 52
240, 53
240, 115
240, 111
241, 57
241, 57
241, 54
241, 60
241, 109
241, 55
241, 55
241, 54
241, 55
241, 116
241, 56
241, 54
241, 53
241, 107
241, 56
242, 53
242, 53
242, 54
242, 54
242, 54
242, 55
242, 51
242, 126
242, 57
242, 53
242, 54
242, 109
242, 63
242, 60
242, 52
242, 53
243, 54
243, 113
243, 114
243, 53
243, 55
243, 53
243, 57
243, 53
243, 55
243, 53
243, 57
243, 54
243, 115
243, 53
243, 106
244, 60
244, 52
244, 55
244, 52
244, 53
244, 51
244, 54
244, 64
244, 56
244, 52
244, 53
244, 56
244, 55
244, 52
244, 53
244, 54
244, 52
244, 53
245, 52
245, 105
245, 51
245, 59
245, 58
245, 54
245, 52
245, 53
245, 108
245, 62
245, 52
245, 54
245, 54
245, 52
245, 52
245, 51
246, 58
246, 51
246, 52
246, 104
246, 53
246, 52
246, 52
246, 56
246, 159
246, 54
246, 53
246, 54
246, 58
246, 52
246, 112
247, 56
247, 52
247, 51
247, 58
247, 107
247, 50
247, 105
247, 54
247, 79
247, 106
247, 55
247, 55
247, 159
248, 64
248, 68
248, 163
248, 54
248, 52
248, 111
248, 55
248, 53
248, 54
248, 103
248, 58
248, 53
248, 60
248, 52
249, 55
249, 52
249, 53
249, 53
249, 57
249, 52
249, 53
249, 53
249, 53
249, 54
249, 116
249, 106
249, 52
249, 56
249, 57
249, 117
250, 107
250, 106
250, 52
250, 51
250, 55
250, 54
250, 54
250, 55
250, 52
250, 53
250, 54
250, 168
250, 111
251, 55
251, 53
251, 55
251, 60
251, 54
251, 54
251, 53
251, 54
251, 55
251, 56
251, 61
251, 108
251, 55
251, 52
251, 52
251, 54
252, 112
252, 55
252, 54
252, 57
252, 55
252, 53
252, 119
252, 55
252, 107
252, 109
252, 70
252, 61
252, 53
252, 56
252, 54
253, 52
253, 54
253, 161
253, 53
253, 54
253, 51
253, 55
253, 53
253, 53
253, 59
253, 53
253, 54
253, 55
253, 53
253, 55
253, 52
253, 59
254, 54
254, 51
254, 54
254, 52
254, 109
254, 167
254, 59
254, 55
254, 55
254, 54
254, 54
254, 116
254, 54
254, 54
255, 55
255, 58
255, 56
255, 62
255, 55
255, 51
255, 52
255, 52
255, 107
255, 59
255, 55
255, 54
255, 109
255, 53
255, 54
255, 54
256, 51
256, 56
256, 54
256, 157
256, 52
256, 62
256, 53
256, 108
256, 107
256, 51
256, 170
256, 54
256, 53
257, 54
257, 169
257, 52
257, 54
257, 160
257, 53
257, 60
257, 110
257, 110
257, 54
257, 79
258, 168
258, 55
258, 109
258, 53
258, 59
258, 52
258, 52
258, 54
258, 53
258, 52
258, 55
258, 53
258, 56
258, 53
258, 53
258, 56
259, 56
259, 58
259, 55
259, 114
259, 53
259, 55
259, 54
259, 169
259, 55
259, 65
259, 69
259, 112
260, 113
260, 79
260, 55
260, 53
260, 107
260, 52
260, 54
260, 61
260, 106
260, 55
260, 54
260, 55
260, 53
260, 66
260, 53
260, 53
261, 57
261, 111
261, 61
261, 58
261, 53
261, 55
261, 52
261, 53
261, 54
261, 108
261, 55
261, 53
261, 54
261, 56
261, 55
261, 53
262, 53
262, 113
262, 163
262, 54
262, 165
262, 56
262, 56
262, 56
262, 58
262, 54
262, 62
262, 52
262, 55
263, 55
263, 83
263, 127
263, 53
263, 140
263, 54
263, 51
263, 52
263, 54
263, 52
263, 58
263, 56
263, 160
263, 51
264, 55
264, 58
264, 53
264, 54
264, 106
264, 52
264, 54
264, 52
264, 53
264, 51
264, 54
264, 52
264, 51
264, 53
264, 52
264, 58
264, 53
265, 51
265, 53
265, 57
265, 53
265, 56
265, 61
265, 106
265, 51
265, 54
265, 106
265, 111
265, 107
265, 53
265, 54
265, 53
266, 116
266, 164
266, 55
266, 106
266, 115
266, 55
266, 105
266, 53
266, 53
266, 62
266, 57
266, 55
267, 56
267, 54
267, 52
267, 59
267, 56
267, 52
267, 53
267, 54
267, 53
267, 52
267, 58
267, 113
267, 52
267, 111
267, 55
267, 53
268, 54
268, 61
268, 59
268, 55
268, 109
268, 58
268, 56
268, 60
268, 54
268, 137
268, 110
268, 51
268, 53
268, 114
269, 53
269, 56
269, 56
269, 57
269, 114
269, 52
269, 58
269, 55
269, 104
269, 53
269, 166
269, 113
269, 55
270, 53
270, 54
270, 54
270, 54
270, 165
270, 55
270, 115
270, 111
270, 53
270, 107
270, 119
270, 54
271, 54
271, 53
271, 108
271, 53
271, 57
271, 58
271, 55
271, 110
271, 53
271, 110
271, 62
271, 54
271, 55
271, 109
272, 109
272, 60
272, 168
272, 52
272, 55
272, 52
272, 61
272, 52
272, 54
272, 129
272, 55
272, 53
272, 106
273, 52
273, 56
273, 55
273, 51
273, 54
273, 52
273, 55
273, 58
273, 52
273, 56
273, 55
273, 54
273, 57
273, 55
273, 61
273, 53
273, 53
273, 52
274, 106
274, 54
274, 59
274, 53
274, 53
274, 53
274, 53
274, 114
274, 113
274, 55
274, 52
274, 54
274, 110
275, 118
275, 52
275, 108
275, 50
275, 55
275, 53
275, 61
275, 54
275, 107
275, 53
275, 54
275, 54
275, 52
275, 55
275, 53
275, 54
275, 55
276, 55
276, 50
276, 113
276, 106
276, 55
276, 53
276, 165
276, 53
276, 102
276, 162
277, 173
277, 56
277, 53
277, 58
277, 52
277, 52
277, 66
277, 53
277, 55
277, 53
277, 53
277, 107
277, 56
277, 51
277, 109
277, 51
278, 53
278, 54
278, 58
278, 254
278, 157
278, 54
278, 50
278, 53
278, 105
278, 50
278, 59
278, 53
279, 53
279, 54
279, 132
279, 68
279, 62
279, 53
279, 53
279, 52
279, 52
279, 54
279, 57
279, 58
279, 51
279, 51
279, 52
279, 53
279, 52
280, 53
280, 52
280, 58
280, 51
280, 51
280, 49
280, 54
280, 53
280, 54
280, 59
280, 53
280, 51
280, 53
280, 52
280, 53
280, 162
281, 56
281, 54
281, 53
281, 209
281, 52
281, 52
281, 51
281, 110
281, 117
281, 61
281, 109
281, 108
282, 53
282, 60
282, 52
282, 54
282, 50
282, 52
282, 104
282, 58
282, 51
282, 53
282, 158
282, 51
282, 51
282, 58
282, 103
283, 53
283, 53
283, 109
283, 60
283, 52
283, 106
283, 53
283, 52
283, 56
283, 57
283, 53
283, 68
283, 58
283, 53
283, 55
284, 106
284, 51
284, 53
284, 106
284, 213
284, 51
284, 105
284, 54
284, 107
284, 109
284, 51
284, 52
285, 54
285, 54
285, 56
285, 119
285, 52
285, 50
285, 109
285, 53
285, 52
285, 109
285, 56
285, 55
285, 51
285, 53
285, 50
286, 60
286, 50
286, 219
286, 52
286, 59
286, 54
286, 54
286, 52
286, 55
286, 52
286, 106
286, 154
287, 106
287, 108
287, 56
287, 51
287, 53
287, 53
287, 52
287, 59
287, 52
287, 59
287, 55
287, 52
287, 155
288, 167
288, 51
288, 55
288, 50
288, 117
288, 54
288, 57
288, 53
288, 51
288, 53
288, 49
288, 54
288, 52
288, 78
288, 60
288, 59
288, 72
289, 53
289, 182
289, 53
289, 174
289, 54
289, 70
289, 125
289, 52
289, 76
289, 51
289, 68
289, 53
290, 127
290, 69
290, 123
290, 51
290, 374
290, 59
290, 53
290, 59
290, 51
291, 92
291, 53
291, 83
291, 53
291, 52
291, 115
291, 150
291, 79
291, 54
291, 199
291, 82
292, 61
292, 136
292, 54
292, 103
292, 93
292, 55
292, 91
292, 55
292, 52
292, 134
292, 87
292, 53
293, 86
293, 109
293, 103
293, 94
293, 55
293, 86
293, 194
293, 55
293, 84
293, 55
293, 84
293, 55
294, 60
294, 99
294, 93
294, 51
294, 146
294, 149
294, 54
294, 78
294, 139
294, 53
294, 61
295, 198
295, 71
295, 64
295, 55
295, 62
295, 77
295, 53
295, 92
295, 55
295, 79
295, 54
295, 54
296, 115
296, 88
296, 60
296, 75
296, 54
296, 53
296, 88
296, 55
296, 84
296, 56
296, 83
296, 52
296, 55
296, 114
297, 86
297, 142
297, 111
297, 87
297, 55
297, 83
297, 61
297, 133
297, 56
297, 101
297, 94
297, 57
298, 89
298, 56
298, 54
298, 136
298, 84
298, 57
298, 81
298, 167
298, 56
298, 83
298, 55
298, 85
299, 55
299, 197
299, 82
299, 54
299, 84
299, 214
299, 94
299, 56
299, 85
299, 52
300, 283
