0, 55
0, 57
0, 55
0, 48
0, 55
0, 54
0, 49
0, 53
0, 56
0, 49
0, 56
0, 55
0, 46
0, 54
0, 54
0, 45
0, 54
0, 55
0, 45
1, 48
1, 52
1, 54
1, 46
1, 54
1, 56
1, 47
1, 54
1, 57
1, 47
1, 54
1, 55
1, 49
1, 55
1, 55
1, 50
1, 54
1, 56
1, 55
2, 49
2, 53
2, 54
2, 50
2, 54
2, 60
2, 50
2, 54
2, 54
2, 63
2, 54
2, 55
2, 47
2, 53
2, 51
2, 53
2, 48
2, 54
3, 52
3, 49
3, 54
3, 53
3, 49
3, 54
3, 53
3, 47
3, 57
3, 52
3, 49
3, 51
3, 54
3, 49
3, 47
3, 55
3, 52
3, 50
3, 52
3, 52
4, 46
4, 54
4, 52
4, 46
4, 52
4, 54
4, 48
4, 53
4, 56
4, 51
4, 52
4, 54
4, 52
4, 46
4, 54
4, 54
4, 47
4, 55
4, 51
5, 48
5, 55
5, 53
5, 48
5, 55
5, 52
5, 46
5, 53
5, 53
5, 54
5, 47
5, 55
5, 54
5, 49
5, 51
5, 53
5, 48
5, 53
5, 51
5, 51
6, 50
6, 57
6, 48
6, 55
6, 54
6, 48
6, 46
6, 58
6, 55
6, 48
6, 53
6, 53
6, 48
6, 54
6, 55
6, 46
6, 51
6, 53
6, 47
7, 54
7, 54
7, 48
7, 53
7, 52
7, 53
7, 48
7, 51
7, 54
7, 49
7, 55
7, 57
7, 48
7, 54
7, 56
7, 47
7, 54
7, 53
7, 46
8, 56
8, 54
8, 53
8, 146
8, 56
8, 56
8, 46
8, 156
8, 55
8, 64
8, 55
8, 75
8, 47
8, 77
9, 56
9, 46
9, 58
9, 58
9, 56
9, 47
9, 55
9, 77
9, 68
9, 56
9, 75
9, 48
9, 77
9, 55
9, 66
9, 56
9, 71
10, 48
10, 75
10, 57
10, 60
10, 53
10, 55
10, 53
10, 46
10, 61
10, 56
10, 63
10, 61
10, 54
10, 46
10, 58
10, 74
10, 50
10, 53
11, 66
11, 52
11, 114
11, 53
11, 57
11, 46
11, 55
11, 53
11, 50
11, 56
11, 54
11, 47
11, 55
11, 55
11, 48
11, 56
11, 55
12, 50
12, 54
12, 63
12, 48
12, 46
12, 54
12, 58
12, 47
12, 54
12, 56
12, 47
12, 53
12, 57
12, 44
12, 55
12, 55
12, 47
12, 55
12, 53
13, 48
13, 56
13, 58
13, 54
13, 47
13, 58
13, 54
13, 47
13, 52
13, 55
13, 47
13, 54
13, 57
13, 46
13, 54
13, 56
13, 50
13, 53
13, 56
14, 55
14, 46
14, 57
14, 59
14, 48
14, 55
14, 57
14, 47
14, 54
14, 54
14, 48
14, 53
14, 55
14, 45
14, 54
14, 53
14, 45
14, 46
14, 56
15, 55
15, 47
15, 55
15, 54
15, 47
15, 55
15, 55
15, 49
15, 54
15, 55
15, 47
15, 58
15, 55
15, 47
15, 55
15, 53
15, 56
15, 48
15, 53
16, 53
16, 47
16, 54
16, 52
16, 48
16, 54
16, 55
16, 46
16, 55
16, 53
16, 49
16, 55
16, 58
16, 56
16, 47
16, 55
16, 56
16, 54
16, 56
17, 53
17, 45
17, 54
17, 55
17, 47
17, 54
17, 56
17, 46
17, 54
17, 54
17, 47
17, 46
17, 57
17, 54
17, 46
17, 53
17, 53
17, 47
17, 55
17, 55
18, 46
18, 55
18, 56
18, 48
18, 55
18, 57
18, 48
18, 61
18, 54
18, 51
18, 50
18, 54
18, 54
18, 51
18, 51
18, 56
18, 50
18, 60
18, 53
19, 48
19, 52
19, 54
19, 45
19, 51
19, 54
19, 53
19, 48
19, 50
19, 53
19, 47
19, 55
19, 51
19, 46
19, 53
19, 54
19, 46
19, 51
19, 54
20, 48
20, 54
20, 54
20, 45
20, 52
20, 53
20, 55
20, 46
20, 54
20, 50
20, 47
20, 56
20, 53
20, 53
20, 54
20, 58
20, 46
20, 53
20, 51
20, 49
21, 53
21, 53
21, 77
21, 48
21, 52
21, 54
21, 45
21, 51
21, 52
21, 48
21, 51
21, 53
21, 47
21, 53
21, 52
21, 48
21, 54
21, 52
21, 52
22, 71
22, 52
22, 52
22, 46
22, 51
22, 52
22, 46
22, 57
22, 57
22, 46
22, 56
22, 54
22, 48
22, 52
22, 54
22, 47
22, 47
22, 56
22, 55
23, 45
23, 54
23, 54
23, 47
23, 52
23, 54
23, 46
23, 55
23, 53
23, 47
23, 52
23, 54
23, 46
23, 55
23, 53
23, 55
23, 47
23, 53
23, 53
24, 46
24, 52
24, 54
24, 47
24, 53
24, 54
24, 47
24, 55
24, 54
24, 44
24, 53
24, 54
24, 51
24, 52
24, 56
24, 54
24, 46
24, 53
24, 53
24, 48
25, 52
25, 51
25, 49
25, 52
25, 53
25, 51
25, 54
25, 53
25, 47
25, 48
25, 53
25, 54
25, 48
25, 53
25, 51
25, 44
25, 55
25, 53
25, 48
26, 53
26, 51
26, 56
26, 54
26, 56
26, 48
26, 52
26, 52
26, 53
26, 83
26, 100
26, 56
26, 48
26, 53
26, 52
26, 47
26, 53
26, 53
27, 49
27, 52
27, 54
27, 47
27, 84
27, 53
27, 52
27, 47
27, 54
27, 52
27, 47
27, 54
27, 55
27, 48
27, 56
27, 56
27, 51
27, 58
28, 56
28, 48
28, 53
28, 54
28, 47
28, 47
28, 59
28, 57
28, 47
28, 55
28, 54
28, 49
28, 55
28, 55
28, 48
28, 56
28, 55
28, 48
28, 56
28, 54
29, 46
29, 53
29, 56
29, 55
29, 48
29, 56
29, 54
29, 47
29, 55
29, 52
29, 49
29, 54
29, 57
29, 49
29, 55
29, 53
29, 49
29, 54
29, 55
30, 57
30, 46
30, 53
30, 52
30, 46
30, 54
30, 53
30, 47
30, 55
30, 55
30, 52
30, 52
30, 53
30, 46
30, 52
30, 53
30, 49
30, 48
30, 52
31, 54
31, 48
31, 54
31, 53
31, 46
31, 54
31, 50
31, 47
31, 54
31, 50
31, 48
31, 54
31, 52
31, 46
31, 52
31, 55
31, 54
31, 48
31, 53
31, 52
32, 46
32, 53
32, 55
32, 48
32, 53
32, 51
32, 45
32, 83
32, 54
32, 48
32, 53
32, 55
32, 55
32, 48
32, 52
32, 55
32, 50
32, 53
33, 56
33, 49
33, 62
33, 53
33, 47
33, 53
33, 52
33, 49
33, 53
33, 54
33, 48
33, 47
33, 53
33, 55
33, 45
33, 53
33, 52
33, 55
33, 53
33, 54
34, 46
34, 51
34, 54
34, 47
34, 55
34, 50
34, 48
34, 55
34, 53
34, 53
34, 47
34, 56
34, 55
34, 48
34, 56
34, 53
34, 48
34, 54
34, 53
35, 48
35, 55
35, 56
35, 46
35, 56
35, 53
35, 55
35, 48
35, 55
35, 55
35, 49
35, 56
35, 53
35, 48
35, 57
35, 55
35, 55
35, 54
35, 56
36, 46
36, 57
36, 55
36, 48
36, 50
36, 56
36, 57
36, 49
36, 55
36, 54
36, 48
36, 54
36, 57
36, 46
36, 57
36, 58
36, 47
36, 55
36, 55
37, 49
37, 55
37, 56
37, 55
37, 50
37, 58
37, 55
37, 47
37, 55
37, 55
37, 49
37, 54
37, 55
37, 47
37, 57
37, 54
37, 48
37, 55
37, 54
38, 55
38, 46
38, 54
38, 59
38, 49
38, 53
38, 56
38, 49
38, 55
38, 54
38, 47
38, 57
38, 54
38, 47
38, 55
38, 54
38, 45
38, 49
38, 55
39, 55
39, 47
39, 56
39, 54
39, 47
39, 57
39, 55
39, 47
39, 53
39, 57
39, 48
39, 56
39, 55
39, 47
39, 55
39, 54
39, 56
39, 47
39, 55
40, 58
40, 48
40, 57
40, 56
40, 47
40, 56
40, 56
40, 45
40, 56
40, 55
40, 48
40, 54
40, 56
40, 55
40, 60
40, 54
40, 54
40, 47
41, 54
41, 53
41, 48
41, 53
41, 53
41, 45
41, 55
41, 53
41, 47
41, 53
41, 51
41, 48
41, 48
41, 53
41, 56
41, 47
41, 56
41, 54
41, 45
41, 54
42, 54
42, 48
42, 55
42, 54
42, 48
42, 53
42, 53
42, 46
42, 53
42, 56
42, 70
42, 51
42, 57
42, 66
42, 52
42, 55
42, 53
42, 46
43, 54
43, 53
43, 47
43, 52
43, 53
43, 46
43, 54
43, 53
43, 56
43, 45
43, 54
43, 53
43, 48
43, 54
43, 53
43, 48
43, 53
43, 52
43, 49
43, 54
44, 53
44, 48
44, 52
44, 53
44, 48
44, 49
44, 55
44, 54
44, 48
44, 52
44, 52
44, 46
44, 54
44, 51
44, 47
44, 52
44, 57
44, 49
44, 57
45, 54
45, 47
45, 53
45, 54
45, 53
45, 50
45, 54
45, 52
45, 46
45, 55
45, 52
45, 45
45, 53
45, 53
45, 48
45, 51
45, 51
45, 48
45, 53
45, 52
46, 54
46, 47
46, 55
46, 54
46, 47
46, 53
46, 50
46, 47
46, 53
46, 54
46, 45
46, 55
46, 52
46, 47
46, 51
46, 51
46, 48
46, 46
46, 55
47, 61
47, 49
47, 54
47, 54
47, 47
47, 53
47, 52
47, 49
47, 54
47, 51
47, 47
47, 53
47, 52
47, 48
47, 54
47, 50
47, 53
47, 49
47, 51
47, 52
48, 46
48, 51
48, 52
48, 46
48, 59
48, 51
48, 46
48, 52
48, 51
48, 47
48, 51
48, 52
48, 54
48, 46
48, 53
48, 53
48, 46
48, 55
48, 53
48, 44
49, 53
49, 53
49, 47
49, 53
49, 56
49, 46
49, 52
49, 50
49, 48
49, 48
49, 56
49, 54
49, 45
49, 51
49, 55
49, 47
49, 55
49, 52
49, 50
50, 53
50, 54
50, 48
50, 50
50, 52
50, 48
50, 52
50, 52
50, 55
50, 47
50, 55
50, 56
50, 47
50, 53
50, 57
50, 48
50, 54
50, 56
50, 48
51, 55
51, 71
51, 79
51, 94
51, 71
51, 58
51, 47
51, 54
51, 56
51, 45
51, 57
51, 55
51, 46
51, 62
51, 59
51, 46
51, 55
52, 56
52, 48
52, 54
52, 56
52, 48
52, 48
52, 55
52, 55
52, 46
52, 59
52, 54
52, 47
52, 56
52, 55
52, 49
52, 53
52, 52
52, 46
52, 54
53, 55
53, 47
53, 56
53, 55
53, 54
53, 45
53, 60
53, 56
53, 71
53, 55
53, 56
53, 66
53, 57
53, 66
53, 50
53, 57
53, 53
53, 47
54, 54
54, 55
54, 57
54, 48
54, 56
54, 59
54, 49
54, 58
54, 56
54, 49
54, 58
54, 56
54, 49
54, 55
54, 54
54, 49
54, 54
54, 55
54, 48
55, 49
55, 55
55, 58
55, 47
55, 55
55, 56
55, 47
55, 54
55, 56
55, 46
55, 54
55, 56
55, 47
55, 55
55, 53
55, 47
55, 52
55, 53
55, 55
56, 48
56, 54
56, 53
56, 48
56, 54
56, 52
56, 47
56, 51
56, 53
56, 73
56, 98
56, 53
56, 48
56, 53
56, 53
56, 54
56, 47
56, 55
57, 53
57, 47
57, 52
57, 55
57, 46
57, 52
57, 52
57, 47
57, 54
57, 54
57, 45
57, 56
57, 51
57, 48
57, 47
57, 53
57, 52
57, 49
57, 53
57, 53
58, 47
58, 52
58, 54
58, 48
58, 53
58, 54
58, 46
58, 54
58, 51
58, 49
58, 53
58, 54
58, 54
58, 46
58, 82
58, 53
58, 55
58, 63
59, 71
59, 49
59, 53
59, 56
59, 47
59, 56
59, 54
59, 49
59, 54
59, 53
59, 55
59, 52
59, 55
59, 54
59, 49
59, 53
59, 56
59, 49
59, 53
60, 56
60, 48
60, 54
60, 54
60, 49
60, 58
60, 53
60, 47
60, 46
60, 54
60, 55
60, 50
60, 54
60, 51
60, 44
60, 54
60, 54
60, 48
60, 54
61, 54
61, 47
61, 53
61, 53
61, 47
61, 54
61, 55
61, 53
61, 47
61, 54
61, 56
61, 47
61, 54
61, 52
61, 48
61, 53
61, 53
61, 49
61, 56
61, 56
62, 47
62, 55
62, 56
62, 53
62, 49
62, 59
62, 56
62, 47
62, 53
62, 54
62, 46
62, 54
62, 54
62, 49
62, 54
62, 53
62, 47
62, 56
62, 55
63, 46
63, 47
63, 55
63, 52
63, 48
63, 54
63, 56
63, 48
63, 54
63, 50
63, 47
63, 53
63, 52
63, 51
63, 56
63, 54
63, 48
63, 55
63, 53
64, 54
64, 48
64, 54
64, 51
64, 48
64, 54
64, 51
64, 47
64, 55
64, 53
64, 49
64, 53
64, 55
64, 47
64, 52
64, 54
64, 53
64, 46
64, 53
64, 54
65, 47
65, 59
65, 52
65, 48
65, 52
65, 55
65, 49
65, 52
65, 53
65, 49
65, 53
65, 53
65, 47
65, 46
65, 51
65, 51
65, 49
65, 52
65, 52
66, 49
66, 55
66, 55
66, 46
66, 54
66, 55
66, 48
66, 56
66, 55
66, 48
66, 61
66, 53
66, 54
66, 46
66, 56
66, 56
66, 48
66, 54
66, 54
67, 48
67, 56
67, 56
67, 50
67, 54
67, 57
67, 48
67, 56
67, 54
67, 54
67, 48
67, 55
67, 55
67, 46
67, 53
67, 57
67, 47
67, 53
67, 55
68, 51
68, 55
68, 53
68, 49
68, 53
68, 56
68, 47
68, 50
68, 58
68, 55
68, 47
68, 54
68, 54
68, 46
68, 55
68, 57
68, 53
68, 53
68, 56
69, 48
69, 55
69, 54
69, 49
69, 53
69, 57
69, 55
69, 46
69, 56
69, 54
69, 47
69, 54
69, 54
69, 48
69, 54
69, 52
69, 47
69, 53
69, 55
70, 47
70, 53
70, 54
70, 51
70, 47
70, 52
70, 52
70, 45
70, 54
70, 55
70, 49
70, 52
70, 58
70, 51
70, 54
70, 54
70, 49
70, 54
70, 56
71, 50
71, 49
71, 56
71, 55
71, 48
71, 55
71, 54
71, 48
71, 57
71, 55
71, 48
71, 54
71, 55
71, 49
71, 55
71, 58
71, 46
71, 56
71, 55
72, 56
72, 53
72, 53
72, 53
72, 50
72, 57
72, 58
72, 50
72, 54
72, 55
72, 47
72, 59
72, 56
72, 47
72, 56
72, 55
72, 55
72, 49
72, 55
73, 55
73, 52
73, 54
73, 58
73, 48
73, 55
73, 61
73, 51
73, 54
73, 58
73, 48
73, 55
73, 55
73, 50
73, 50
73, 56
73, 52
73, 54
73, 54
74, 52
74, 47
74, 53
74, 55
74, 78
74, 79
74, 76
74, 61
74, 55
74, 53
74, 45
74, 56
74, 52
74, 56
74, 46
74, 53
74, 55
75, 50
75, 55
75, 53
75, 48
75, 52
75, 55
75, 46
75, 55
75, 53
75, 52
75, 64
75, 55
75, 56
75, 48
75, 55
75, 54
75, 54
75, 55
75, 52
76, 48
76, 53
76, 57
76, 47
76, 52
76, 64
76, 49
76, 53
76, 56
76, 47
76, 48
76, 56
76, 54
76, 48
76, 58
76, 55
76, 46
76, 56
76, 54
77, 45
77, 54
77, 56
77, 49
77, 56
77, 62
77, 46
77, 57
77, 60
77, 54
77, 48
77, 58
77, 53
77, 47
77, 53
77, 54
77, 47
77, 55
77, 53
78, 47
78, 54
78, 55
78, 48
78, 54
78, 55
78, 56
78, 48
78, 54
78, 54
78, 49
78, 56
78, 54
78, 47
78, 56
78, 54
78, 46
78, 55
78, 54
79, 50
79, 55
79, 55
79, 48
79, 47
79, 54
79, 57
79, 50
79, 53
79, 57
79, 45
79, 53
79, 52
79, 49
79, 56
79, 55
79, 54
79, 54
79, 54
80, 47
80, 55
80, 54
80, 55
80, 47
80, 54
80, 54
80, 47
80, 56
80, 52
80, 48
80, 53
80, 54
80, 47
80, 53
80, 54
80, 48
80, 56
80, 54
81, 54
81, 48
81, 56
81, 54
81, 56
81, 55
81, 53
81, 48
81, 57
81, 54
81, 47
81, 54
81, 52
81, 51
81, 54
81, 54
81, 45
81, 51
81, 54
82, 54
82, 48
82, 55
82, 53
82, 48
82, 53
82, 53
82, 48
82, 52
82, 55
82, 49
82, 54
82, 55
82, 46
82, 53
82, 53
82, 54
82, 46
82, 53
83, 53
83, 47
83, 52
83, 54
83, 44
83, 56
83, 55
83, 46
83, 51
83, 54
83, 47
83, 53
83, 52
83, 58
83, 50
83, 66
83, 53
83, 46
83, 54
84, 54
84, 47
84, 52
84, 53
84, 49
84, 55
84, 51
84, 48
84, 53
84, 54
84, 46
84, 51
84, 53
84, 53
84, 48
84, 52
84, 51
84, 48
84, 54
85, 55
85, 47
85, 50
85, 52
85, 53
85, 53
85, 52
85, 50
85, 54
85, 54
85, 54
85, 46
85, 53
85, 55
85, 47
85, 52
85, 52
85, 47
85, 52
85, 54
86, 48
86, 54
86, 51
86, 49
86, 51
86, 54
86, 52
86, 49
86, 51
86, 56
86, 83
86, 53
86, 53
86, 47
86, 56
86, 54
86, 48
86, 54
87, 54
87, 49
87, 55
87, 56
87, 48
87, 48
87, 52
87, 55
87, 48
87, 55
87, 57
87, 46
87, 55
87, 55
87, 46
87, 57
87, 56
87, 47
87, 54
87, 54
88, 46
88, 54
88, 56
88, 57
88, 49
88, 54
88, 55
88, 47
88, 55
88, 54
88, 48
88, 54
88, 56
88, 45
88, 55
88, 55
88, 48
88, 55
88, 54
89, 56
89, 49
89, 54
89, 56
89, 49
89, 55
89, 54
89, 47
89, 56
89, 56
89, 47
89, 56
89, 57
89, 47
89, 53
89, 55
89, 47
89, 48
89, 55
90, 54
90, 45
90, 54
90, 55
90, 51
90, 53
90, 94
90, 91
90, 60
90, 57
90, 61
90, 62
90, 56
90, 49
90, 55
90, 56
90, 54
91, 48
91, 57
91, 56
91, 47
91, 59
91, 57
91, 47
91, 54
91, 54
91, 45
91, 55
91, 56
91, 48
91, 53
91, 54
91, 55
91, 50
91, 53
92, 58
92, 46
92, 55
92, 54
92, 49
92, 59
92, 53
92, 48
92, 53
92, 55
92, 52
92, 56
92, 54
92, 47
92, 48
92, 52
92, 54
92, 50
92, 52
92, 56
93, 48
93, 54
93, 56
93, 46
93, 55
93, 52
93, 46
93, 54
93, 55
93, 48
93, 54
93, 52
93, 53
93, 49
93, 60
93, 53
93, 52
93, 54
93, 56
94, 50
94, 51
94, 57
94, 47
94, 55
94, 54
94, 48
94, 54
94, 54
94, 53
94, 47
94, 54
94, 55
94, 48
94, 53
94, 54
94, 59
94, 60
95, 57
95, 46
95, 55
95, 53
95, 49
95, 55
95, 53
95, 47
95, 49
95, 54
95, 56
95, 47
95, 53
95, 53
95, 48
95, 54
95, 53
95, 48
95, 54
95, 54
96, 48
96, 55
96, 55
96, 48
96, 62
96, 54
96, 53
96, 45
96, 54
96, 56
96, 47
96, 54
96, 53
96, 46
96, 53
96, 54
96, 46
96, 53
96, 54
97, 45
97, 52
97, 55
97, 56
97, 48
97, 54
97, 54
97, 46
97, 52
97, 55
97, 47
97, 54
97, 53
97, 49
97, 53
97, 57
97, 47
97, 54
97, 52
98, 49
98, 46
98, 54
98, 72
98, 47
98, 54
98, 54
98, 50
98, 54
98, 54
98, 49
98, 68
98, 54
98, 47
98, 53
98, 52
98, 48
98, 56
98, 53
99, 54
99, 47
99, 54
99, 53
99, 47
99, 54
99, 55
99, 48
99, 55
99, 55
99, 50
99, 52
99, 58
99, 48
99, 53
99, 55
99, 54
99, 66
99, 54
100, 54
100, 47
100, 55
100, 55
100, 55
100, 55
100, 55
100, 47
100, 54
100, 53
100, 48
100, 55
100, 75
100, 47
100, 48
100, 55
100, 55
100, 48
100, 55
101, 53
101, 52
101, 59
101, 54
101, 47
101, 55
101, 58
101, 49
101, 54
101, 56
101, 47
101, 53
101, 54
101, 55
101, 51
101, 55
101, 53
101, 49
102, 51
102, 54
102, 48
102, 53
102, 52
102, 50
102, 53
102, 53
102, 47
102, 53
102, 53
102, 55
102, 46
102, 55
102, 52
102, 48
102, 53
102, 56
102, 48
102, 53
103, 53
103, 48
103, 55
103, 53
103, 48
103, 58
103, 61
103, 48
103, 46
103, 54
103, 57
103, 48
103, 56
103, 55
103, 48
103, 54
103, 55
103, 49
103, 55
104, 56
104, 49
104, 56
104, 54
104, 47
104, 56
104, 54
104, 54
104, 45
104, 54
104, 55
104, 46
104, 56
104, 53
104, 45
104, 54
104, 53
104, 48
104, 52
105, 53
105, 47
105, 53
105, 54
105, 53
105, 72
105, 54
105, 55
105, 46
105, 53
105, 53
105, 49
105, 51
105, 54
105, 46
105, 52
105, 55
105, 49
105, 53
106, 52
106, 48
106, 49
106, 54
106, 52
106, 46
106, 51
106, 57
106, 48
106, 53
106, 52
106, 46
106, 53
106, 54
106, 63
106, 73
106, 82
106, 61
107, 64
107, 58
107, 62
107, 48
107, 54
107, 52
107, 47
107, 53
107, 86
107, 81
107, 53
107, 54
107, 47
107, 51
107, 54
107, 51
107, 52
107, 53
108, 52
108, 47
108, 52
108, 53
108, 49
108, 53
108, 52
108, 47
108, 54
108, 55
108, 48
108, 55
108, 54
108, 46
108, 59
108, 56
108, 49
108, 48
108, 51
109, 54
109, 48
109, 55
109, 55
109, 48
109, 56
109, 54
109, 46
109, 56
109, 54
109, 50
109, 54
109, 56
109, 46
109, 55
109, 54
109, 56
109, 47
109, 55
110, 54
110, 49
110, 53
110, 54
110, 45
110, 75
110, 52
110, 47
110, 54
110, 53
110, 50
110, 54
110, 54
110, 52
110, 48
110, 55
110, 54
110, 48
110, 54
111, 61
111, 47
111, 53
111, 54
111, 49
111, 54
111, 53
111, 47
111, 54
111, 56
111, 45
111, 54
111, 53
111, 56
111, 47
111, 56
111, 54
111, 46
111, 54
112, 54
112, 48
112, 55
112, 53
112, 48
112, 55
112, 53
112, 47
112, 57
112, 54
112, 53
112, 48
112, 55
112, 53
112, 46
112, 53
112, 54
112, 48
112, 53
113, 57
113, 48
113, 54
113, 55
113, 49
113, 52
113, 54
113, 53
113, 45
113, 54
113, 55
113, 47
113, 55
113, 53
113, 48
113, 54
113, 54
113, 51
113, 52
114, 57
114, 48
114, 56
114, 53
114, 50
114, 47
114, 54
114, 53
114, 51
114, 53
114, 55
114, 49
114, 54
114, 55
114, 47
114, 56
114, 55
114, 46
114, 55
114, 52
115, 46
115, 55
115, 55
115, 54
115, 48
115, 53
115, 54
115, 49
115, 72
115, 52
115, 69
115, 51
115, 56
115, 49
115, 56
115, 52
115, 48
115, 53
116, 55
116, 54
116, 46
116, 52
116, 54
116, 47
116, 54
116, 55
116, 48
116, 53
116, 52
116, 46
116, 52
116, 51
116, 48
116, 52
116, 52
116, 45
116, 49
116, 54
117, 53
117, 47
117, 55
117, 53
117, 46
117, 51
117, 55
117, 48
117, 54
117, 53
117, 48
117, 53
117, 51
117, 48
117, 55
117, 54
117, 50
117, 48
117, 54
118, 52
118, 48
118, 53
118, 53
118, 48
118, 54
118, 53
118, 48
118, 53
118, 53
118, 46
118, 57
118, 49
118, 53
118, 45
118, 53
118, 51
118, 47
118, 51
118, 56
119, 46
119, 55
119, 58
119, 46
119, 53
119, 53
119, 45
119, 53
119, 52
119, 47
119, 47
119, 57
119, 53
119, 47
119, 52
119, 54
119, 46
119, 52
119, 53
119, 48
120, 55
120, 55
120, 47
120, 66
120, 53
120, 50
120, 52
120, 52
120, 53
120, 47
120, 51
120, 75
120, 49
120, 54
120, 57
120, 62
120, 52
120, 54
121, 46
121, 53
121, 56
121, 46
121, 52
121, 53
121, 52
121, 48
121, 54
121, 54
121, 49
121, 51
121, 52
121, 48
121, 51
121, 53
121, 49
121, 51
121, 54
122, 49
122, 51
122, 52
122, 48
122, 48
122, 54
122, 54
122, 47
122, 54
122, 53
122, 47
122, 53
122, 53
122, 51
122, 53
122, 79
122, 68
122, 55
122, 54
123, 59
123, 66
123, 53
123, 54
123, 57
123, 51
123, 54
123, 48
123, 55
123, 50
123, 47
123, 49
123, 54
123, 47
123, 56
123, 53
123, 48
123, 53
123, 55
124, 52
124, 47
124, 53
124, 53
124, 49
124, 57
124, 53
124, 52
124, 53
124, 53
124, 49
124, 55
124, 55
124, 47
124, 54
124, 54
124, 48
124, 49
124, 52
125, 53
125, 49
125, 54
125, 54
125, 47
125, 54
125, 52
125, 47
125, 53
125, 54
125, 46
125, 56
125, 51
125, 48
125, 53
125, 75
125, 53
125, 49
125, 54
126, 52
126, 48
126, 56
126, 53
126, 47
126, 52
126, 54
126, 46
126, 55
126, 53
126, 47
126, 57
126, 52
126, 54
126, 47
126, 53
126, 53
126, 48
126, 55
127, 54
127, 54
127, 54
127, 54
127, 48
127, 54
127, 55
127, 47
127, 56
127, 55
127, 49
127, 46
127, 52
127, 57
127, 50
127, 54
127, 56
127, 48
127, 53
128, 54
128, 47
128, 55
128, 54
128, 48
128, 54
128, 54
128, 48
128, 55
128, 52
128, 52
128, 49
128, 53
128, 53
128, 50
128, 53
128, 55
128, 49
128, 55
128, 56
129, 46
129, 54
129, 56
129, 49
129, 54
129, 54
129, 54
129, 50
129, 58
129, 54
129, 48
129, 55
129, 53
129, 48
129, 54
129, 51
129, 47
129, 53
129, 55
130, 48
130, 55
130, 53
130, 48
130, 46
130, 55
130, 53
130, 46
130, 54
130, 57
130, 48
130, 52
130, 53
130, 46
130, 54
130, 56
130, 58
130, 53
130, 57
131, 46
131, 55
131, 54
131, 53
131, 51
131, 55
131, 53
131, 47
131, 57
131, 52
131, 48
131, 52
131, 53
131, 51
131, 54
131, 54
131, 48
131, 54
131, 54
132, 59
132, 48
132, 55
132, 54
132, 47
132, 55
132, 53
132, 47
132, 55
132, 56
132, 46
132, 51
132, 55
132, 47
132, 53
132, 52
132, 47
132, 48
132, 53
133, 53
133, 48
133, 50
133, 52
133, 46
133, 57
133, 54
133, 49
133, 55
133, 52
133, 51
133, 66
133, 53
133, 49
133, 52
133, 53
133, 53
133, 47
133, 52
134, 56
134, 48
134, 54
134, 53
134, 50
134, 52
134, 56
134, 47
134, 55
134, 53
134, 48
134, 55
134, 56
134, 52
134, 47
134, 54
134, 55
134, 46
134, 54
134, 57
135, 47
135, 53
135, 55
135, 51
135, 52
135, 58
135, 47
135, 53
135, 56
135, 48
135, 47
135, 56
135, 56
135, 46
135, 54
135, 56
135, 48
135, 55
135, 53
136, 45
136, 52
136, 54
136, 49
136, 52
136, 52
136, 49
136, 55
136, 55
136, 54
136, 48
136, 52
136, 53
136, 48
136, 55
136, 54
136, 46
136, 53
136, 53
137, 47
137, 52
137, 54
137, 47
137, 55
137, 54
137, 53
137, 46
137, 55
137, 53
137, 48
137, 56
137, 54
137, 51
137, 51
137, 59
137, 50
137, 54
137, 54
138, 47
138, 51
138, 56
138, 49
138, 47
138, 53
138, 55
138, 47
138, 54
138, 54
138, 56
138, 91
138, 81
138, 46
138, 61
138, 83
138, 76
139, 70
139, 65
139, 57
139, 59
139, 54
139, 53
139, 46
139, 55
139, 56
139, 49
139, 54
139, 66
139, 58
139, 56
139, 57
139, 48
139, 54
139, 53
140, 47
140, 55
140, 55
140, 56
140, 48
140, 54
140, 55
140, 50
140, 56
140, 59
140, 49
140, 58
140, 58
140, 46
140, 54
140, 56
140, 46
140, 57
140, 54
141, 49
141, 48
141, 54
141, 53
141, 50
141, 53
141, 56
141, 48
141, 53
141, 57
141, 46
141, 53
141, 56
141, 48
141, 55
141, 53
141, 47
141, 54
141, 52
142, 55
142, 49
142, 57
142, 57
142, 45
142, 55
142, 53
142, 47
142, 54
142, 60
142, 48
142, 54
142, 52
142, 48
142, 56
142, 54
142, 56
142, 45
142, 53
143, 54
143, 46
143, 54
143, 55
143, 47
143, 53
143, 55
143, 48
143, 55
143, 55
143, 47
143, 55
143, 52
143, 46
143, 49
143, 52
143, 52
143, 54
143, 52
144, 53
144, 48
144, 51
144, 55
144, 46
144, 55
144, 54
144, 47
144, 53
144, 54
144, 50
144, 51
144, 52
144, 53
144, 49
144, 52
144, 54
144, 48
144, 55
144, 52
145, 45
145, 51
145, 52
145, 48
145, 52
145, 52
145, 46
145, 55
145, 55
145, 54
145, 48
145, 51
145, 56
145, 47
145, 60
145, 51
145, 48
145, 53
145, 51
146, 49
146, 51
146, 51
146, 48
146, 54
146, 52
146, 45
146, 47
146, 54
146, 95
146, 80
146, 53
146, 54
146, 48
146, 54
146, 52
146, 51
146, 53
147, 54
147, 48
147, 52
147, 53
147, 52
147, 57
147, 54
147, 52
147, 46
147, 53
147, 55
147, 47
147, 50
147, 53
147, 49
147, 53
147, 51
147, 48
147, 50
147, 55
148, 47
148, 56
148, 50
148, 51
148, 48
148, 54
148, 52
148, 45
148, 51
148, 55
148, 47
148, 56
148, 52
148, 46
148, 53
148, 53
148, 48
148, 54
148, 53
149, 47
149, 49
149, 52
149, 52
149, 46
149, 52
149, 53
149, 48
149, 52
149, 52
149, 45
149, 53
149, 54
149, 51
149, 53
149, 55
149, 46
149, 52
149, 54
149, 53
150, 47
150, 55
150, 52
150, 47
150, 53
150, 55
150, 47
150, 53
150, 52
150, 46
150, 53
150, 55
150, 45
150, 52
150, 50
150, 57
150, 48
150, 53
150, 51
150, 47
151, 51
151, 51
151, 47
151, 51
151, 54
151, 48
151, 52
151, 51
151, 50
151, 54
151, 53
151, 48
151, 47
151, 53
151, 53
151, 50
151, 53
151, 51
151, 49
152, 52
152, 51
152, 46
152, 55
152, 52
152, 45
152, 51
152, 53
152, 46
152, 52
152, 52
152, 52
152, 46
152, 62
152, 51
152, 49
152, 53
152, 51
152, 47
152, 52
153, 54
153, 46
153, 51
153, 52
153, 50
153, 56
153, 52
153, 52
153, 48
153, 51
153, 54
153, 47
153, 52
153, 53
153, 47
153, 56
153, 53
153, 46
153, 55
154, 54
154, 47
154, 54
154, 53
154, 46
154, 48
154, 54
154, 57
154, 46
154, 56
154, 52
154, 47
154, 52
154, 54
154, 47
154, 51
154, 56
154, 46
154, 53
154, 53
155, 64
155, 83
155, 85
155, 54
155, 46
155, 54
155, 55
155, 48
155, 56
155, 55
155, 45
155, 54
155, 53
155, 46
155, 55
155, 54
155, 46
155, 58
156, 55
156, 55
156, 48
156, 56
156, 55
156, 46
156, 55
156, 54
156, 48
156, 54
156, 56
156, 49
156, 53
156, 57
156, 55
156, 53
156, 55
156, 49
156, 46
157, 56
157, 53
157, 49
157, 55
157, 55
157, 45
157, 55
157, 54
157, 48
157, 56
157, 56
157, 46
157, 55
157, 55
157, 46
157, 57
157, 55
157, 55
157, 49
158, 66
158, 110
158, 48
158, 55
158, 57
158, 47
158, 57
158, 56
158, 46
158, 51
158, 53
158, 49
158, 54
158, 52
158, 53
158, 49
158, 55
159, 91
159, 81
159, 275
159, 91
159, 52
159, 51
159, 54
159, 48
159, 51
159, 53
159, 46
159, 54
159, 53
159, 46
160, 46
160, 50
160, 52
160, 51
160, 53
160, 54
160, 47
160, 53
160, 54
160, 46
160, 56
160, 52
160, 45
160, 54
160, 52
160, 48
160, 52
160, 53
160, 53
161, 48
161, 55
161, 53
161, 46
161, 55
161, 54
161, 46
161, 54
161, 53
161, 47
161, 53
161, 55
161, 47
161, 51
161, 53
161, 54
161, 46
161, 53
161, 58
161, 48
162, 51
162, 51
162, 52
162, 50
162, 53
162, 46
162, 55
162, 51
162, 47
162, 51
162, 52
162, 47
162, 48
162, 58
162, 53
162, 48
162, 54
162, 55
162, 50
163, 53
163, 51
163, 46
163, 56
163, 54
163, 54
163, 54
163, 55
163, 49
163, 56
163, 52
163, 54
163, 46
163, 54
163, 52
163, 48
163, 57
163, 51
163, 46
164, 54
164, 51
164, 46
164, 54
164, 52
164, 48
164, 52
164, 54
164, 54
164, 46
164, 52
164, 55
164, 47
164, 57
164, 57
164, 47
164, 51
164, 54
164, 49
164, 53
165, 53
165, 46
165, 69
165, 56
165, 139
165, 79
165, 225
165, 54
165, 81
165, 152
166, 128
166, 47
166, 69
166, 215
166, 61
166, 168
166, 152
167, 249
167, 111
167, 78
167, 75
167, 63
167, 156
167, 125
167, 99
167, 80
167, 54
167, 46
167, 57
168, 58
168, 50
168, 57
168, 66
168, 49
168, 57
168, 51
168, 50
168, 53
168, 53
168, 55
168, 45
168, 55
168, 54
168, 47
168, 54
168, 53
168, 47
168, 54
169, 54
169, 47
169, 52
169, 54
169, 47
169, 55
169, 54
169, 49
169, 47
169, 54
169, 55
169, 47
169, 51
169, 54
169, 48
169, 54
169, 54
169, 46
169, 55
170, 53
170, 47
170, 53
170, 55
170, 48
170, 76
170, 82
170, 75
170, 48
170, 69
170, 63
170, 47
170, 52
170, 55
170, 47
170, 54
170, 58
170, 53
171, 53
171, 57
171, 48
171, 53
171, 56
171, 58
171, 48
171, 52
171, 53
171, 46
171, 54
171, 52
171, 49
171, 51
171, 53
171, 48
171, 52
171, 52
171, 47
172, 53
172, 54
172, 46
172, 47
172, 55
172, 54
172, 44
172, 85
172, 53
172, 47
172, 54
172, 53
172, 49
172, 52
172, 52
172, 47
172, 54
172, 54
172, 46
173, 57
173, 54
173, 53
173, 45
173, 54
173, 54
173, 47
173, 55
173, 50
173, 48
173, 53
173, 50
173, 49
173, 51
173, 51
173, 48
173, 54
173, 51
173, 52
173, 47
174, 54
174, 53
174, 47
174, 53
174, 52
174, 45
174, 56
174, 53
174, 47
174, 54
174, 53
174, 47
174, 53
174, 54
174, 47
174, 49
174, 54
174, 53
174, 47
175, 53
175, 52
175, 48
175, 54
175, 54
175, 48
175, 52
175, 51
175, 47
175, 67
175, 86
175, 46
175, 54
175, 53
175, 53
175, 47
175, 51
175, 55
175, 49
176, 53
176, 52
176, 48
176, 53
176, 52
176, 50
176, 53
176, 55
176, 58
176, 57
176, 51
176, 52
176, 57
176, 54
176, 53
176, 47
176, 55
176, 53
176, 50
177, 52
177, 53
177, 48
177, 59
177, 53
177, 45
177, 54
177, 52
177, 48
177, 72
177, 54
177, 53
177, 47
177, 53
177, 52
177, 47
177, 52
177, 54
177, 47
178, 57
178, 53
178, 47
178, 52
178, 54
178, 45
178, 52
178, 50
178, 53
178, 48
178, 51
178, 51
178, 48
178, 52
178, 54
178, 47
178, 53
178, 53
178, 47
179, 53
179, 54
179, 48
179, 52
179, 52
179, 51
179, 48
179, 52
179, 52
179, 47
179, 53
179, 52
179, 46
179, 53
179, 52
179, 48
179, 52
179, 52
179, 47
179, 53
180, 49
180, 47
180, 48
180, 53
180, 51
180, 47
180, 53
180, 54
180, 47
180, 53
180, 52
180, 46
180, 55
180, 54
180, 50
180, 53
180, 52
180, 47
180, 52
180, 52
181, 53
181, 47
181, 51
181, 54
181, 45
181, 57
181, 53
181, 47
181, 51
181, 54
181, 48
181, 49
181, 54
181, 49
181, 53
181, 55
181, 52
181, 49
181, 53
182, 52
182, 49
182, 52
182, 53
182, 46
182, 53
182, 55
182, 48
182, 53
182, 52
182, 47
182, 52
182, 53
182, 47
182, 49
182, 54
182, 53
182, 49
182, 54
182, 53
183, 48
183, 54
183, 54
183, 48
183, 52
183, 54
183, 47
183, 53
183, 53
183, 47
183, 54
183, 51
183, 53
183, 47
183, 54
183, 51
183, 47
183, 54
183, 51
184, 47
184, 54
184, 52
184, 47
184, 53
184, 53
184, 49
184, 53
184, 53
184, 52
184, 49
184, 52
184, 54
184, 47
184, 53
184, 50
184, 47
184, 55
184, 52
184, 47
185, 54
185, 52
185, 49
185, 53
185, 52
185, 53
185, 48
185, 54
185, 50
185, 47
185, 52
185, 54
185, 49
185, 53
185, 53
185, 46
185, 54
185, 54
185, 46
186, 54
186, 53
186, 48
186, 51
186, 53
186, 54
186, 47
186, 53
186, 51
186, 48
186, 54
186, 54
186, 48
186, 53
186, 52
186, 47
186, 63
186, 51
186, 80
187, 70
187, 66
187, 56
187, 48
187, 57
187, 56
187, 46
187, 52
187, 54
187, 48
187, 52
187, 53
187, 47
187, 53
187, 54
187, 46
187, 76
187, 52
187, 47
188, 55
188, 53
188, 55
188, 47
188, 54
188, 53
188, 47
188, 55
188, 54
188, 48
188, 52
188, 51
188, 47
188, 53
188, 52
188, 46
188, 56
188, 53
188, 51
189, 46
189, 55
189, 53
189, 47
189, 53
189, 52
189, 46
189, 55
189, 55
189, 48
189, 54
189, 52
189, 48
189, 54
189, 54
189, 54
189, 47
189, 54
189, 54
190, 46
190, 54
190, 53
190, 48
190, 55
190, 53
190, 47
190, 52
190, 53
190, 46
190, 54
190, 61
190, 46
190, 49
190, 60
190, 55
190, 46
190, 54
190, 56
190, 48
191, 54
191, 52
191, 46
191, 52
191, 54
191, 46
191, 53
191, 55
191, 46
191, 52
191, 55
191, 54
191, 50
191, 53
191, 57
191, 48
191, 54
191, 54
191, 44
192, 52
192, 52
192, 51
192, 52
192, 52
192, 48
192, 54
192, 54
192, 53
192, 46
192, 56
192, 52
192, 47
192, 52
192, 52
192, 47
192, 53
192, 51
192, 50
192, 53
193, 58
193, 54
193, 53
193, 54
193, 48
193, 46
193, 54
193, 57
193, 46
193, 55
193, 54
193, 47
193, 64
193, 52
193, 49
193, 54
193, 53
193, 47
193, 53
194, 54
194, 49
194, 51
194, 53
194, 52
194, 47
194, 53
194, 50
194, 49
194, 55
194, 50
194, 48
194, 51
194, 50
194, 46
194, 51
194, 52
194, 48
194, 53
195, 52
195, 53
195, 45
195, 50
195, 51
195, 45
195, 54
195, 50
195, 52
195, 53
195, 54
195, 46
195, 54
195, 53
195, 46
195, 51
195, 50
195, 46
195, 49
195, 50
196, 58
196, 47
196, 55
196, 50
196, 47
196, 52
196, 52
196, 47
196, 51
196, 54
196, 51
196, 53
196, 55
196, 47
196, 52
196, 54
196, 53
196, 48
196, 52
196, 52
197, 48
197, 52
197, 54
197, 49
197, 53
197, 52
197, 47
197, 51
197, 54
197, 48
197, 52
197, 52
197, 54
197, 48
197, 54
197, 52
197, 48
197, 51
197, 54
198, 47
198, 54
198, 54
198, 46
198, 54
198, 52
198, 47
198, 55
198, 52
198, 47
198, 45
198, 51
198, 55
198, 46
198, 55
198, 50
198, 49
198, 52
198, 57
198, 46
199, 57
199, 54
199, 48
199, 54
199, 53
199, 47
199, 52
199, 55
199, 51
199, 46
199, 51
199, 55
199, 48
199, 55
199, 53
199, 47
199, 51
199, 54
199, 48
200, 53
200, 53
200, 48
200, 52
200, 52
200, 52
200, 48
200, 54
200, 53
200, 47
200, 52
200, 52
200, 49
200, 54
200, 52
200, 47
200, 54
200, 53
200, 47
200, 52
201, 55
201, 46
201, 47
201, 52
201, 53
201, 49
201, 51
201, 54
201, 49
201, 55
201, 54
201, 48
201, 54
201, 52
201, 45
201, 54
201, 53
201, 45
201, 57
202, 51
202, 52
202, 48
202, 53
202, 53
202, 48
202, 52
202, 53
202, 47
202, 55
202, 53
202, 46
202, 52
202, 54
202, 48
202, 60
202, 92
202, 58
202, 49
203, 57
203, 53
203, 47
203, 56
203, 54
203, 48
203, 55
203, 54
203, 48
203, 52
203, 55
203, 49
203, 56
203, 53
203, 46
203, 49
203, 58
203, 54
203, 48
204, 55
204, 56
204, 48
204, 56
204, 56
204, 48
204, 56
204, 55
204, 46
204, 56
204, 55
204, 48
204, 57
204, 59
204, 55
204, 48
204, 55
204, 55
204, 52
205, 54
205, 56
205, 46
205, 57
205, 53
205, 48
205, 57
205, 55
205, 49
205, 54
205, 54
205, 53
205, 49
205, 54
205, 55
205, 48
205, 54
205, 57
205, 52
206, 61
206, 54
206, 48
206, 57
206, 59
206, 48
206, 56
206, 105
206, 75
206, 48
206, 54
206, 55
206, 48
206, 54
206, 55
206, 47
206, 54
207, 57
207, 46
207, 54
207, 54
207, 48
207, 57
207, 55
207, 48
207, 53
207, 57
207, 55
207, 47
207, 55
207, 54
207, 48
207, 54
207, 54
207, 47
207, 54
208, 54
208, 46
208, 52
208, 56
208, 46
208, 53
208, 55
208, 53
208, 46
208, 52
208, 53
208, 48
208, 54
208, 53
208, 48
208, 54
208, 55
208, 47
208, 53
209, 58
209, 47
209, 52
209, 54
209, 48
209, 47
209, 53
209, 57
209, 46
209, 55
209, 53
209, 47
209, 53
209, 54
209, 46
209, 52
209, 55
209, 47
209, 55
209, 54
210, 48
210, 53
210, 54
210, 53
210, 48
210, 57
210, 52
210, 48
210, 53
210, 53
210, 49
210, 52
210, 54
210, 48
210, 54
210, 54
210, 47
210, 54
210, 54
211, 53
211, 46
211, 53
211, 52
211, 51
211, 53
211, 53
211, 47
211, 56
211, 51
211, 47
211, 53
211, 52
211, 48
211, 53
211, 54
211, 47
211, 47
211, 53
211, 51
212, 47
212, 51
212, 52
212, 52
212, 55
212, 55
212, 49
212, 54
212, 51
212, 48
212, 54
212, 52
212, 48
212, 52
212, 53
212, 53
212, 48
212, 52
212, 52
213, 47
213, 52
213, 51
213, 47
213, 54
213, 51
213, 50
213, 54
213, 52
213, 50
213, 51
213, 52
213, 51
213, 46
213, 54
213, 52
213, 45
213, 53
213, 55
213, 47
214, 54
214, 55
214, 46
214, 55
214, 50
214, 47
214, 55
214, 53
214, 47
214, 46
214, 57
214, 55
214, 48
214, 51
214, 52
214, 49
214, 53
214, 52
214, 47
215, 57
215, 54
215, 50
215, 53
215, 56
215, 47
215, 56
215, 54
215, 54
215, 51
215, 57
215, 53
215, 48
215, 55
215, 54
215, 46
215, 53
215, 56
215, 48
216, 54
216, 55
216, 47
216, 56
216, 54
216, 56
216, 46
216, 55
216, 54
216, 47
216, 56
216, 53
216, 46
216, 54
216, 56
216, 48
216, 54
216, 57
216, 49
217, 53
217, 53
217, 47
217, 50
217, 55
217, 55
217, 47
217, 55
217, 53
217, 46
217, 54
217, 54
217, 47
217, 56
217, 60
217, 46
217, 54
217, 54
217, 49
217, 55
218, 58
218, 53
218, 49
218, 54
218, 56
218, 47
218, 55
218, 55
218, 46
218, 53
218, 52
218, 48
218, 55
218, 52
218, 49
218, 53
218, 53
218, 55
218, 48
219, 52
219, 52
219, 47
219, 59
219, 71
219, 69
219, 58
219, 83
219, 48
219, 52
219, 52
219, 46
219, 54
219, 54
219, 46
219, 47
219, 56
219, 53
220, 46
220, 52
220, 62
220, 50
220, 54
220, 53
220, 50
220, 54
220, 54
220, 48
220, 54
220, 55
220, 49
220, 52
220, 51
220, 53
220, 47
220, 53
220, 53
221, 46
221, 52
221, 54
221, 46
221, 53
221, 53
221, 48
221, 54
221, 55
221, 47
221, 54
221, 52
221, 55
221, 47
221, 55
221, 56
221, 46
221, 53
221, 57
222, 47
222, 55
222, 54
222, 47
222, 55
222, 55
222, 48
222, 55
222, 56
222, 46
222, 48
222, 53
222, 58
222, 50
222, 53
222, 53
222, 48
222, 58
222, 54
222, 46
223, 54
223, 57
223, 48
223, 54
223, 53
223, 49
223, 53
223, 56
223, 53
223, 49
223, 58
223, 56
223, 47
223, 54
223, 53
223, 46
223, 56
223, 53
223, 47
224, 57
224, 54
224, 46
224, 54
224, 55
224, 58
224, 48
224, 58
224, 56
224, 49
224, 55
224, 55
224, 45
224, 55
224, 55
224, 48
224, 54
224, 52
224, 45
225, 53
225, 52
225, 47
225, 47
225, 52
225, 52
225, 48
225, 65
225, 54
225, 48
225, 52
225, 56
225, 47
225, 52
225, 51
225, 46
225, 57
225, 52
225, 47
226, 55
226, 51
226, 52
226, 46
226, 52
226, 53
226, 46
226, 55
226, 51
226, 47
226, 51
226, 51
226, 46
226, 53
226, 54
226, 48
226, 53
226, 54
226, 54
226, 46
227, 50
227, 53
227, 47
227, 52
227, 51
227, 48
227, 54
227, 52
227, 47
227, 54
227, 51
227, 47
227, 56
227, 53
227, 56
227, 48
227, 54
227, 53
227, 47
228, 54
228, 55
228, 45
228, 52
228, 53
228, 47
228, 56
228, 51
228, 51
228, 53
228, 52
228, 49
228, 52
228, 51
228, 54
228, 47
228, 52
228, 55
228, 47
228, 51
229, 53
229, 46
229, 53
229, 53
229, 45
229, 55
229, 51
229, 48
229, 53
229, 55
229, 55
229, 48
229, 54
229, 52
229, 48
229, 54
229, 51
229, 47
229, 53
230, 53
230, 45
230, 55
230, 54
230, 47
230, 56
230, 53
230, 47
230, 48
230, 52
230, 53
230, 48
230, 53
230, 53
230, 48
230, 56
230, 54
230, 47
230, 54
230, 52
231, 45
231, 53
231, 52
231, 46
231, 54
231, 56
231, 53
231, 46
231, 52
231, 56
231, 46
231, 54
231, 54
231, 44
231, 53
231, 51
231, 47
231, 55
231, 55
232, 47
232, 53
232, 52
232, 55
232, 47
232, 51
232, 55
232, 47
232, 54
232, 53
232, 48
232, 52
232, 57
232, 48
232, 55
232, 57
232, 49
232, 54
232, 56
232, 48
233, 48
233, 56
233, 56
233, 48
233, 55
233, 54
233, 45
233, 56
233, 53
233, 47
233, 53
233, 54
233, 51
233, 53
233, 53
233, 46
233, 56
233, 54
233, 54
234, 49
234, 53
234, 52
234, 47
234, 54
234, 55
234, 46
234, 56
234, 58
234, 68
234, 83
234, 79
234, 47
234, 56
234, 54
234, 55
234, 48
235, 54
235, 53
235, 47
235, 54
235, 60
235, 47
235, 57
235, 55
235, 47
235, 55
235, 55
235, 49
235, 54
235, 55
235, 47
235, 48
235, 55
235, 54
235, 48
236, 56
236, 54
236, 47
236, 56
236, 53
236, 47
236, 55
236, 53
236, 98
236, 88
236, 55
236, 46
236, 54
236, 55
236, 54
236, 46
236, 56
236, 54
237, 48
237, 52
237, 54
237, 48
237, 56
237, 54
237, 45
237, 55
237, 53
237, 47
237, 53
237, 57
237, 53
237, 47
237, 54
237, 56
237, 46
237, 54
237, 55
238, 48
238, 53
238, 58
238, 48
238, 55
238, 55
238, 49
238, 54
238, 55
238, 44
238, 48
238, 57
238, 54
238, 51
238, 55
238, 53
238, 46
238, 54
238, 55
238, 48
239, 53
239, 54
239, 51
239, 55
239, 59
239, 46
239, 53
239, 65
239, 52
239, 49
239, 75
239, 55
239, 47
239, 53
239, 53
239, 46
239, 51
239, 52
240, 50
240, 53
240, 54
240, 45
240, 52
240, 54
240, 50
240, 46
240, 52
240, 55
240, 47
240, 53
240, 52
240, 47
240, 52
240, 55
240, 46
240, 55
240, 52
240, 46
241, 53
241, 54
241, 49
241, 50
241, 56
241, 53
241, 50
241, 53
241, 51
241, 46
241, 53
241, 56
241, 49
241, 53
241, 54
241, 47
241, 55
241, 55
241, 46
242, 54
242, 55
242, 56
242, 47
242, 53
242, 55
242, 48
242, 51
242, 53
242, 46
242, 60
242, 56
242, 48
242, 53
242, 56
242, 48
242, 55
242, 54
242, 54
243, 46
243, 55
243, 52
243, 48
243, 53
243, 55
243, 46
243, 53
243, 54
243, 47
243, 52
243, 52
243, 48
243, 54
243, 54
243, 46
243, 46
243, 53
243, 54
243, 47
244, 55
244, 53
244, 48
244, 53
244, 54
244, 46
244, 54
244, 52
244, 49
244, 53
244, 52
244, 47
244, 54
244, 53
244, 55
244, 77
244, 54
244, 53
244, 47
245, 52
245, 57
245, 50
245, 54
245, 52
245, 46
245, 52
245, 54
245, 48
245, 52
245, 53
245, 55
245, 46
245, 54
245, 53
245, 47
245, 53
245, 53
245, 46
246, 53
246, 54
246, 48
246, 58
246, 53
246, 47
246, 56
246, 54
246, 51
246, 46
246, 53
246, 52
246, 46
246, 54
246, 51
246, 48
246, 53
246, 53
246, 48
247, 52
247, 55
247, 46
247, 52
247, 51
247, 45
247, 52
247, 50
247, 51
247, 46
247, 52
247, 52
247, 47
247, 53
247, 54
247, 50
247, 52
247, 52
247, 47
247, 53
248, 52
248, 46
248, 52
248, 53
248, 71
248, 48
248, 55
248, 129
248, 46
248, 54
248, 52
248, 49
248, 53
248, 52
248, 47
248, 54
248, 53
248, 47
249, 54
249, 54
249, 46
249, 45
249, 58
249, 53
249, 48
249, 56
249, 51
249, 46
249, 53
249, 53
249, 50
249, 54
249, 51
249, 46
249, 54
249, 56
249, 64
250, 53
250, 58
250, 53
250, 51
250, 53
250, 55
250, 47
250, 53
250, 54
250, 48
250, 52
250, 54
250, 46
250, 53
250, 54
250, 48
250, 52
250, 53
250, 52
251, 63
251, 77
251, 68
251, 47
251, 53
251, 81
251, 45
251, 60
251, 56
251, 46
251, 55
251, 55
251, 50
251, 50
251, 51
251, 46
251, 49
251, 54
252, 57
252, 50
252, 52
252, 51
252, 47
252, 54
252, 53
252, 50
252, 53
252, 53
252, 47
252, 54
252, 54
252, 48
252, 52
252, 51
252, 54
252, 49
252, 53
252, 54
253, 47
253, 55
253, 54
253, 45
253, 53
253, 53
253, 55
253, 54
253, 54
253, 48
253, 54
253, 54
253, 63
253, 48
253, 54
253, 53
253, 48
253, 56
254, 55
254, 47
254, 54
254, 55
254, 48
254, 54
254, 54
254, 49
254, 53
254, 54
254, 51
254, 46
254, 52
254, 55
254, 48
254, 51
254, 53
254, 46
254, 52
254, 55
255, 47
255, 53
255, 62
255, 48
255, 54
255, 54
255, 49
255, 55
255, 54
255, 54
255, 48
255, 55
255, 55
255, 48
255, 52
255, 56
255, 46
255, 52
255, 52
256, 46
256, 52
256, 53
256, 48
256, 51
256, 54
256, 53
256, 47
256, 53
256, 53
256, 46
256, 54
256, 55
256, 45
256, 54
256, 55
256, 48
256, 53
256, 53
256, 48
257, 54
257, 54
257, 45
257, 46
257, 55
257, 54
257, 46
257, 55
257, 54
257, 44
257, 53
257, 52
257, 46
257, 54
257, 53
257, 50
257, 54
257, 55
257, 47
258, 56
258, 54
258, 54
258, 51
258, 65
258, 63
258, 47
258, 54
258, 53
258, 48
258, 53
258, 52
258, 48
258, 53
258, 55
258, 47
258, 53
258, 54
258, 54
259, 47
259, 53
259, 56
259, 47
259, 54
259, 56
259, 48
259, 53
259, 56
259, 47
259, 56
259, 55
259, 47
259, 53
259, 57
259, 45
259, 50
259, 55
259, 55
260, 49
260, 55
260, 52
260, 47
260, 55
260, 57
260, 47
260, 61
260, 53
260, 46
260, 52
260, 52
260, 56
260, 55
260, 52
260, 51
260, 47
260, 56
260, 53
261, 47
261, 53
261, 54
261, 47
261, 54
261, 54
261, 48
261, 54
261, 54
261, 47
261, 55
261, 55
261, 52
261, 48
261, 54
261, 51
261, 47
261, 53
261, 52
261, 46
262, 53
262, 53
262, 49
262, 55
262, 55
262, 45
262, 54
262, 52
262, 47
262, 47
262, 54
262, 52
262, 47
262, 55
262, 53
262, 49
262, 53
262, 54
262, 46
263, 52
263, 54
263, 46
263, 56
263, 52
263, 49
263, 56
263, 54
263, 54
263, 50
263, 52
263, 54
263, 48
263, 54
263, 55
263, 48
263, 55
263, 54
263, 46
264, 52
264, 55
264, 46
264, 51
264, 52
264, 55
264, 47
264, 53
264, 52
264, 50
264, 53
264, 54
264, 46
264, 53
264, 53
264, 46
264, 54
264, 53
264, 46
264, 55
265, 54
265, 46
265, 47
265, 53
265, 54
265, 51
265, 54
265, 54
265, 48
265, 79
265, 58
265, 46
265, 55
265, 54
265, 47
265, 54
265, 54
265, 48
265, 57
266, 57
266, 55
266, 49
266, 54
266, 55
266, 49
266, 53
266, 95
266, 69
266, 52
266, 55
266, 45
266, 54
266, 52
266, 45
266, 54
266, 57
266, 53
267, 48
267, 55
267, 77
267, 65
267, 55
267, 57
267, 48
267, 54
267, 55
267, 46
267, 59
267, 72
267, 50
267, 53
267, 53
267, 47
267, 49
267, 53
268, 51
268, 47
268, 52
268, 54
268, 50
268, 51
268, 54
268, 51
268, 54
268, 54
268, 48
268, 53
268, 54
268, 53
268, 59
268, 52
268, 57
268, 46
268, 54
269, 52
269, 50
269, 50
269, 55
269, 50
269, 55
269, 56
269, 45
269, 55
269, 54
269, 46
269, 52
269, 61
269, 54
269, 49
269, 55
269, 95
269, 58
270, 53
270, 53
270, 46
270, 54
270, 54
270, 48
270, 53
270, 54
270, 51
270, 54
270, 54
270, 49
270, 76
270, 56
270, 55
270, 47
270, 56
270, 53
270, 48
271, 55
271, 54
271, 47
271, 53
271, 53
271, 48
271, 54
271, 54
271, 48
271, 56
271, 54
271, 53
271, 47
271, 56
271, 55
271, 46
271, 51
271, 54
271, 53
272, 53
272, 53
272, 49
272, 53
272, 54
272, 47
272, 55
272, 55
272, 53
272, 48
272, 60
272, 52
272, 45
272, 54
272, 54
272, 48
272, 54
272, 54
272, 45
273, 56
273, 62
273, 47
273, 56
273, 67
273, 47
273, 48
273, 54
273, 55
273, 47
273, 54
273, 56
273, 47
273, 55
273, 55
273, 49
273, 54
273, 55
273, 47
274, 56
274, 54
274, 46
274, 57
274, 55
274, 55
274, 49
274, 56
274, 55
274, 47
274, 54
274, 55
274, 50
274, 55
274, 55
274, 46
274, 55
274, 56
274, 48
275, 54
275, 53
275, 53
275, 49
275, 53
275, 55
275, 48
275, 52
275, 55
275, 48
275, 53
275, 54
275, 47
275, 57
275, 55
275, 46
275, 55
275, 54
275, 48
276, 48
276, 54
276, 57
276, 48
276, 58
276, 57
276, 47
276, 57
276, 53
276, 47
276, 56
276, 55
276, 47
276, 54
276, 53
276, 48
276, 54
276, 55
276, 54
277, 48
277, 53
277, 54
277, 48
277, 52
277, 51
277, 45
277, 55
277, 50
277, 47
277, 52
277, 53
277, 47
277, 53
277, 54
277, 54
277, 46
277, 53
277, 58
278, 49
278, 51
278, 55
278, 48
278, 53
278, 54
278, 48
278, 54
278, 59
278, 47
278, 52
278, 61
278, 49
278, 48
278, 60
278, 53
278, 47
278, 54
278, 57
279, 49
279, 52
279, 54
279, 48
279, 51
279, 53
279, 48
279, 51
279, 53
279, 48
279, 53
279, 52
279, 54
279, 47
279, 55
279, 52
279, 50
279, 55
279, 52
279, 47
280, 53
280, 54
280, 47
280, 51
280, 51
280, 46
280, 53
280, 54
280, 53
280, 46
280, 52
280, 54
280, 46
280, 55
280, 52
280, 45
280, 52
280, 51
280, 49
280, 55
281, 79
281, 48
281, 54
281, 55
281, 47
281, 48
281, 54
281, 50
281, 54
281, 53
281, 54
281, 48
281, 52
281, 52
281, 47
281, 53
281, 52
281, 50
282, 54
282, 51
282, 46
282, 54
282, 51
282, 55
282, 48
282, 53
282, 53
282, 48
282, 54
282, 53
282, 71
282, 58
282, 90
282, 58
282, 56
282, 53
283, 47
283, 53
283, 52
283, 54
283, 45
283, 54
283, 52
283, 47
283, 55
283, 53
283, 51
283, 53
283, 85
283, 48
283, 53
283, 54
283, 45
283, 53
283, 53
284, 46
284, 48
284, 53
284, 53
284, 46
284, 54
284, 54
284, 48
284, 54
284, 53
284, 46
284, 60
284, 50
284, 46
284, 56
284, 52
284, 46
284, 53
284, 52
284, 51
285, 44
285, 55
285, 54
285, 45
285, 53
285, 54
285, 48
285, 56
285, 52
285, 44
285, 56
285, 57
285, 46
285, 54
285, 55
285, 70
285, 47
285, 54
285, 53
286, 46
286, 53
286, 57
286, 58
286, 57
286, 51
286, 46
286, 54
286, 53
286, 47
286, 55
286, 54
286, 49
286, 47
286, 55
286, 52
286, 47
286, 52
286, 53
287, 47
287, 52
287, 53
287, 50
287, 52
287, 51
287, 47
287, 52
287, 50
287, 46
287, 53
287, 55
287, 55
287, 48
287, 55
287, 51
287, 46
287, 58
287, 53
287, 47
288, 53
288, 54
288, 45
288, 54
288, 53
288, 44
288, 51
288, 53
288, 54
288, 49
288, 52
288, 54
288, 44
288, 53
288, 51
288, 51
288, 53
288, 51
288, 48
289, 53
289, 55
289, 47
289, 55
289, 55
289, 45
289, 69
289, 54
289, 69
289, 47
289, 54
289, 53
289, 48
289, 52
289, 52
289, 47
289, 57
289, 52
289, 50
290, 54
290, 54
290, 49
290, 53
290, 54
290, 51
290, 48
290, 52
290, 51
290, 48
290, 53
290, 52
290, 46
290, 52
290, 53
290, 48
290, 53
290, 51
290, 47
290, 54
291, 50
291, 53
291, 43
291, 53
291, 54
291, 45
291, 51
291, 54
291, 50
291, 54
291, 54
291, 47
291, 55
291, 55
291, 49
291, 55
291, 55
291, 46
291, 47
292, 54
292, 53
292, 48
292, 54
292, 52
292, 47
292, 55
292, 57
292, 45
292, 55
292, 54
292, 47
292, 53
292, 54
292, 52
292, 57
292, 54
292, 56
292, 47
293, 55
293, 54
293, 47
293, 57
293, 54
293, 48
293, 55
293, 55
293, 47
293, 54
293, 56
293, 46
293, 63
293, 54
293, 55
293, 49
293, 55
293, 55
293, 46
294, 51
294, 55
294, 47
294, 53
294, 55
294, 45
294, 56
294, 55
294, 48
294, 53
294, 60
294, 48
294, 46
294, 56
294, 53
294, 48
294, 52
294, 53
294, 48
295, 58
295, 54
295, 47
295, 55
295, 54
295, 47
295, 53
295, 51
295, 48
295, 54
295, 52
295, 52
295, 47
295, 54
295, 53
295, 46
295, 55
295, 51
295, 45
295, 55
296, 53
296, 48
296, 53
296, 53
296, 47
296, 53
296, 57
296, 110
296, 79
296, 54
296, 58
296, 48
296, 55
296, 53
296, 47
296, 55
296, 53
297, 49
297, 54
297, 51
297, 48
297, 55
297, 55
297, 48
297, 51
297, 52
297, 53
297, 48
297, 52
297, 52
297, 47
297, 55
297, 52
297, 46
297, 53
297, 54
297, 48
298, 52
298, 87
298, 44
298, 52
298, 51
298, 49
298, 47
298, 54
298, 53
298, 47
298, 75
298, 53
298, 85
298, 68
298, 65
298, 48
298, 53
299, 52
299, 44
299, 53
299, 52
299, 53
299, 45
299, 54
299, 54
299, 49
299, 53
299, 54
299, 48
299, 53
299, 53
299, 48
299, 52
299, 54
299, 47
299, 57
299, 55
300, 46
